-27.3309  -7.82804   38.4522
  34.6285   74.7326   61.2238
 -7.03485   69.4521   82.6205
  32.3534  -60.4745   50.0898
  5.94463   47.5952  -9.31021
  -6.9046  -2.02195   3.87812
 -15.4706  -38.0359   66.4793
 -29.3012    2.8487   5.07781
  30.8103   -9.4351   58.6368
  1.74404  -67.0323   25.2805
  8.36498    97.961    5.4774
  25.0862  -42.2081    22.746
  30.1495   102.057   8.09186
 -36.8786   18.9345   13.7016
  8.01444   9.76618   9.60797
  27.9999   16.2135   102.721
 -19.6794   77.1703   45.6233
 -17.4431   105.964   13.0152
 -20.5076   91.8869   32.8441
  26.9372  -57.7281    34.565
 -20.0844   24.8381    81.546
  31.4458   23.7294   76.2055
 -12.6771   44.4398   81.6987
  27.6807  -28.2374   79.7215
   34.732   101.348   25.9185
  -1.7278   117.917   45.8508
   25.082   91.7898   77.7042
  9.56718  -30.4003   92.8026
 -29.5423   42.9817    20.312
 -29.5909   5.32175   67.2514
  31.0089   142.439   15.0569
-0.192031   72.7288  -17.9854
 -17.5137   24.9904   38.8747
 -8.48204   55.1055   27.7491
  5.75131   -23.981  -16.6158
  24.9688   29.0919   36.4352
  22.2357   65.1544   39.8606
   6.0039   55.0448   29.5516
  14.6321   50.6215   28.0679
  7.08396   22.4505   15.0818
  8.85596   49.1543    4.2828
    27.03    69.982   16.2913
  53.6027   28.8692   36.6786
  55.7377   65.2706   40.3121
  71.8473   55.4087   28.9001
   64.254   48.1803   28.5718
  71.6313   22.8567   13.3017
  69.4588   47.9255   3.05557
  51.6927   70.1269   17.1043
  106.842  -3.94814   42.1471
  45.9497    79.163   61.3803
  85.0017   72.1261   83.9318
  49.4222  -58.1924   60.0349
  71.6319   45.2009  -13.0602
  84.9105  -5.10057   4.77616
   95.591  -35.5302   71.0587
  107.883   12.2296  0.163122
  46.7269  -9.22324   59.7713
  81.7756  -66.8279   33.1267
  71.2297   95.9641   6.13459
  55.8585  -40.2032   28.2245
  47.0793    109.27   8.66788
  115.523   20.6061   15.0781
  70.4394   10.3458   8.38282
  46.0812   14.4207   105.806
  100.145   73.4612   42.5926
  95.8176   105.333   11.9461
  101.348    94.749   36.2153
  54.5549  -57.1622   42.7796
  93.4849   19.5037   86.3306
   45.123   31.4299   75.5392
  88.0682   43.1138   85.3426
  48.9931  -26.2826   79.4601
  45.8707   100.964   29.7296
  83.0794   116.473   46.5305
  53.3248   92.1625   78.1352
  64.8191  -37.4573   93.0861
  110.063   38.7966    24.975
  107.781   2.96027   70.9584
  50.2504   143.657   13.6736
   79.849   72.0117  -16.0412
   96.492   26.8857   40.6529
  84.4927   55.8358   25.3639
  72.0537  -28.1677  -15.6029
