63.9691 118.172 110.452
125.928 200.733 133.224
84.2652 195.452  154.62
123.653 65.5255  122.09
97.2446 173.595 62.6898
84.3954 123.978 75.8781
75.8294 87.9641 138.479
61.9988 128.849 77.0778
 122.11 116.565 130.637
 93.044 58.9677 97.2805
 99.665 223.961 77.4774
116.386 83.7919  94.746
 121.45 228.057 80.0919
54.4214 144.935 85.7016
99.3144 135.766  81.608
  119.3 142.213 174.721
71.6206  203.17 117.623
73.8569 231.964 85.0152
70.7924 217.887 104.844
118.237 68.2719 106.565
71.2156 150.838 153.546
122.746 149.729 148.206
78.6229  170.44 153.699
118.981 97.7626 151.721
126.032 227.348 97.9185
89.5722 243.917 117.851
116.382  217.79 149.704
100.867 95.5997 164.803
61.7577 168.982  92.312
61.7091 131.322 139.251
122.309 268.439 87.0569
 91.108 198.729 54.0146
73.7863  150.99 110.875
 82.818 181.105 99.7491
97.0513 102.019 55.3842
116.269 155.092 108.435
113.536 191.154 111.861
97.3039 181.045 101.552
105.932 176.621 100.068
 98.384 148.451 87.0818
100.156 175.154 76.2828
 118.33 195.982 88.2913
144.903 154.869 108.679
147.038 191.271 112.312
163.147 181.409   100.9
155.554  174.18 100.572
162.931 148.857 85.3017
160.759 173.925 75.0556
142.993 196.127 89.1043
198.142 122.052 114.147
 137.25 205.163  133.38
176.302 198.126 155.932
140.722 67.8076 132.035
162.932 171.201 58.9398
 176.21 120.899 76.7762
186.891 90.4698 143.059
199.183  138.23 72.1631
138.027 116.777 131.771
173.076 59.1721 105.127
 162.53 221.964 78.1346
147.158 85.7968 100.224
138.379  235.27 80.6679
206.823 146.606 87.0781
161.739 136.346 80.3828
137.381 140.421 177.806
191.445 199.461 114.593
187.118 231.333 83.9461
192.648 220.749 108.215
145.855 68.8378  114.78
184.785 145.504 158.331
136.423  157.43 147.539
179.368 169.114 157.343
140.293 99.7174  151.46
137.171 226.964  101.73
174.379 242.473  118.53
144.625 218.162 150.135
156.119 88.5427 165.086
201.363 164.797  96.975
199.081  128.96 142.958
 141.55 269.657 85.6736
171.149 198.012 55.9588
187.792 152.886 112.653
175.793 181.836 97.3639
163.354 97.8323 56.3971