0 0 938
0 2 33
0 3 3
0 5 4
0 6 967
0 7 31
0 8 1
0 9 18
0 11 6
0 12 1
0 13 709
0 16 31
0 18 5
0 19 4
0 20 12
0 22 45
0 23 7
0 25 13
0 26 5
0 27 31
0 28 576
0 29 193
0 31 1
0 32 2
0 33 11
0 34 1
0 35 6
0 36 4
0 37 9
0 39 5
0 41 1
0 44 2
1 1 761
1 2 20
1 4 1
1 6 1
1 8 60
1 9 1
1 10 14
1 11 5
1 12 76
1 14 23
1 15 105
1 16 30
1 17 3
1 18 20
1 20 3
1 21 387
1 22 18
1 23 177
1 24 496
1 25 116
1 26 2401
1 27 19
1 29 2
1 30 8
1 33 34
1 34 4
1 35 50
1 36 76
1 37 55
1 38 7
1 39 10
1 41 95
1 42 16
1 43 16
1 44 11
1 45 3
1 46 2
1 48 5
1 50 68
2 2 8090
2 5 44
2 6 284
2 7 178
2 8 1
2 9 16
2 10 9
2 11 10
2 12 5
2 13 166
2 14 1
2 15 28
2 16 1429
2 17 1
2 18 111
2 20 664
2 21 4
2 22 4198
2 23 32
2 25 3136
2 26 4872
2 27 173
2 28 61
2 29 233
2 30 2
2 31 1
2 32 5
2 33 106
2 34 14
2 35 276
2 36 1005
2 37 282
2 38 47
2 39 32
2 40 1
2 42 82
2 43 51
2 44 48
2 45 24
2 46 3
2 49 1
2 50 50
3 3 3327
3 4 5
3 5 37
3 6 20
3 7 10
3 8 56
3 9 531
3 10 1
3 11 582
3 12 5
3 13 21
3 14 39
3 17 1
3 18 2
3 19 2656
3 20 1
3 21 1
3 23 310
3 25 1
3 26 1
3 27 1401
3 28 24
3 31 1
3 33 24
3 34 1
3 35 42
3 37 16
3 39 58
3 40 4
3 42 7
3 44 4
3 46 19
3 50 1
4 4 313
4 5 73
4 6 1
4 7 7
4 8 8
4 9 3
4 11 20
4 12 1
4 13 2
4 14 171
4 19 3
4 20 1
4 21 4
4 22 2
4 23 26
4 26 4
4 27 3
4 28 3
4 31 65
4 33 282
4 34 43
4 35 7
4 36 1
4 37 2
4 38 2
4 39 648
4 40 178
4 42 2
4 44 1
4 45 1
4 46 2
5 5 4042
5 6 326
5 7 1276
5 8 15
5 9 1882
5 10 6
5 11 1482
5 12 6
5 13 65
5 14 469
5 16 6
5 17 3
5 19 48
5 20 8
5 22 30
5 23 58
5 25 18
5 26 8
5 27 206
5 28 40
5 29 10
5 31 4
5 32 1
5 33 31
5 34 2
5 35 70
5 36 2
5 37 23
5 39 712
5 40 52
5 42 1
5 43 1
5 44 4
5 46 12
5 48 2
6 6 10456
6 7 938
6 8 4
6 9 2320
6 10 4
6 11 68
6 12 6
6 13 1989
6 14 10
6 15 3
6 16 66
6 17 2
6 18 19
6 19 11
6 20 136
6 21 4
6 22 267
6 23 152
6 25 150
6 26 43
6 27 5659
6 28 508
6 29 1675
6 31 1
6 32 12
6 33 157
6 34 14
6 35 237
6 36 32
6 37 194
6 38 14
6 39 100
6 40 11
6 42 11
6 43 1
6 44 11
6 45 1
6 46 8
6 49 1
6 50 1
7 7 3033
7 8 15
7 9 739
7 10 9
7 11 207
7 12 36
7 13 1231
7 14 33
7 16 63
7 17 2
7 18 13
7 19 42
7 20 51
7 22 166
7 23 37
7 25 94
7 26 26
7 27 201
7 28 76
7 29 113
7 31 12
7 32 1
7 33 46
7 34 4
7 35 95
7 36 14
7 37 67
7 38 5
7 39 265
7 40 33
7 41 6
7 42 11
7 44 10
7 46 4
7 47 3
7 48 3
7 50 1
8 8 531
8 9 37
8 10 3
8 11 155
8 12 10
8 13 9
8 14 181
8 15 8
8 16 3
8 18 2
8 19 47
8 20 1
8 21 371
8 22 2
8 23 1616
8 24 35
8 25 7
8 26 243
8 27 100
8 28 22
8 29 18
8 30 1
8 32 3
8 33 20
8 34 6
8 35 57
8 36 12
8 37 35
8 38 4
8 39 119
8 41 5
8 42 17
8 43 3
8 44 15
8 45 1
8 46 10
8 47 1
8 48 1
8 50 2
9 9 12917
9 10 21
9 11 1512
9 12 19
9 13 466
9 14 27
9 16 8
9 17 7
9 18 2
9 19 1064
9 20 4
9 22 19
9 23 172
9 25 15
9 26 4
9 27 1946
9 28 228
9 29 18
9 31 8
9 32 1
9 33 159
9 34 31
9 35 327
9 37 104
9 38 2
9 39 163
9 40 10
9 41 1
9 42 18
9 44 6
9 46 17
9 48 1
10 10 3302
10 11 15
10 12 275
10 13 31
10 14 2
10 15 4
10 16 43
10 17 1405
10 18 761
10 19 1
10 20 12
10 21 2
10 22 14
10 23 6
10 24 27
10 25 712
10 26 81
10 27 10
10 28 47
10 29 2
10 30 20
10 31 6
10 32 1
10 33 897
10 35 27
10 36 333
10 37 562
10 38 6
10 39 26
10 40 1
10 41 174
10 43 16
10 44 8
10 45 2
10 48 23
10 50 8
11 11 8088
11 12 22
11 13 178
11 14 164
11 16 7
11 17 4
11 18 2
11 19 1144
11 20 4
11 21 2
11 22 8
11 23 294
11 24 1
11 25 8
11 26 8
11 27 122
11 28 114
11 29 5
11 31 5
11 32 1
11 33 86
11 34 7
11 35 134
11 36 1
11 37 53
11 38 2
11 39 257
11 40 13
11 41 1
11 42 5
11 44 5
11 46 10
12 12 1975
12 13 51
12 14 4
12 17 28
12 18 4
12 19 1
12 21 31
12 22 8
12 23 30
12 24 662
12 25 66
12 26 776
12 27 7
12 28 27
12 29 2
12 30 70
12 31 49
12 33 324
12 34 5
12 35 188
12 36 155
12 37 277
12 38 15
12 39 74
12 40 206
12 41 375
12 42 5
12 43 43
12 44 53
12 46 11
12 47 16
12 48 65
12 50 13
13 13 3467
13 14 14
13 15 1
13 16 123
13 17 9
13 18 32
13 19 32
13 20 98
13 21 2
13 22 206
13 23 44
13 25 105
13 26 28
13 27 204
13 28 1316
13 29 312
13 31 40
13 32 2
13 33 157
13 34 5
13 35 138
13 36 28
13 37 69
13 38 8
13 39 187
13 40 40
13 41 3
13 42 7
13 44 12
13 45 1
13 46 5
13 47 2
13 50 1
14 14 635
14 15 3
14 16 1
14 19 29
14 20 20
14 21 32
14 22 23
14 23 260
14 24 13
14 25 4
14 26 48
14 27 72
14 28 10
14 29 7
14 31 6
14 32 1
14 33 7
14 34 11
14 35 11
14 36 4
14 37 19
14 39 680
14 40 4
14 41 4
14 42 9
14 43 1
14 44 4
14 45 1
14 46 10
14 47 1
15 15 4628
15 16 47
15 17 1
15 18 13
15 20 710
15 21 760
15 22 1390
15 23 310
15 24 1
15 25 40
15 26 2312
15 27 368
15 28 3
15 29 10
15 32 6
15 33 53
15 34 13
15 35 407
15 36 184
15 37 194
15 38 68
15 39 45
15 42 77
15 43 26
15 44 29
15 45 24
15 46 4
15 50 27
16 16 3035
16 17 81
16 18 1413
16 19 1
16 20 386
16 21 7
16 22 1694
16 23 28
16 24 4
16 25 1469
16 26 1004
16 27 104
16 28 215
16 29 338
16 30 1
16 31 1
16 32 16
16 33 1014
16 34 3
16 35 112
16 36 367
16 37 117
16 38 25
16 39 14
16 40 1
16 42 13
16 43 10
16 44 13
16 45 4
16 50 27
17 17 731
17 18 1159
17 19 1
17 20 7
17 21 3
17 22 24
17 23 3
17 24 27
17 25 1679
17 26 151
17 27 5
17 28 15
17 29 3
17 30 14
17 33 131
17 35 39
17 36 261
17 37 264
17 38 11
17 39 6
17 41 10
17 42 1
17 43 12
17 44 9
17 48 1
17 50 2
18 18 2722
18 20 71
18 21 9
18 22 192
18 23 12
18 24 24
18 25 2215
18 26 530
18 27 25
18 28 51
18 29 40
18 30 3
18 31 2
18 32 4
18 33 558
18 34 3
18 35 117
18 36 283
18 37 207
18 38 25
18 39 7
18 42 12
18 43 15
18 44 5
18 45 5
18 46 1
18 48 1
18 50 16
19 19 1309
19 22 1
19 23 73
19 27 120
19 28 24
19 29 3
19 31 1
19 33 16
19 34 4
19 35 50
19 37 12
19 38 1
19 39 60
19 40 3
19 42 2
19 44 1
19 46 7
19 50 1
20 20 16986
20 21 26
20 22 7849
20 23 35
20 25 212
20 26 281
20 27 2815
20 28 67
20 29 2916
20 32 31
20 33 879
20 34 51
20 35 1142
20 36 296
20 37 927
20 38 122
20 39 103
20 40 3
20 41 1
20 42 23
20 43 9
20 44 11
20 45 6
20 46 3
20 50 2
21 21 1426
21 22 44
21 23 1299
21 24 100
21 25 32
21 26 887
21 27 93
21 28 16
21 29 16
21 30 1
21 32 3
21 33 7
21 34 1
21 35 32
21 36 20
21 37 25
21 38 7
21 39 21
21 40 1
21 41 19
21 42 18
21 43 5
21 44 13
21 45 3
21 46 4
21 48 1
21 50 6
22 22 20011
22 23 82
22 25 723
22 26 3773
22 27 724
22 28 160
22 29 666
22 30 1
22 31 2
22 32 16
22 33 1104
22 34 126
22 35 2250
22 36 1418
22 37 2089
22 38 518
22 39 245
22 40 5
22 42 108
22 43 42
22 44 58
22 45 43
22 46 6
22 50 15
23 23 5775
23 24 53
23 25 37
23 26 730
23 27 1293
23 28 92
23 29 97
23 30 3
23 31 5
23 32 20
23 33 101
23 34 26
23 35 359
23 36 60
23 37 194
23 38 27
23 39 278
23 40 7
23 41 14
23 42 159
23 43 10
23 44 73
23 45 10
23 46 70
23 47 8
23 49 4
23 50 7
24 24 1155
24 25 176
24 26 1321
24 27 1
24 28 2
24 30 14
24 31 1
24 33 38
24 34 1
24 35 9
24 36 49
24 37 65
24 38 2
24 39 3
24 41 193
24 42 2
24 43 21
24 44 5
24 45 2
24 48 17
24 50 11
25 25 22844
25 26 6545
25 27 94
25 28 86
25 29 120
25 30 48
25 32 6
25 33 308
25 34 29
25 35 626
25 36 1599
25 37 860
25 38 130
25 39 34
25 40 4
25 41 21
25 42 88
25 43 149
25 44 76
25 45 30
25 46 2
25 47 1
25 48 6
25 50 142
26 26 36335
26 27 513
26 28 34
26 29 48
26 30 361
26 32 2
26 33 543
26 34 97
26 35 2241
26 36 2174
26 37 1826
26 38 508
26 39 116
26 40 8
26 41 18
26 42 354
26 43 285
26 44 221
26 45 136
26 46 16
26 48 10
26 49 1
26 50 634
27 27 13238
27 28 448
27 29 1999
27 31 2
27 32 87
27 33 541
27 34 89
27 35 1035
27 36 113
27 37 663
27 38 86
27 39 249
27 40 17
27 41 1
27 42 127
27 43 9
27 44 56
27 45 12
27 46 58
27 47 9
27 49 3
27 50 7
28 28 5418
28 29 1006
28 31 57
28 32 816
28 33 1171
28 34 9
28 35 138
28 36 26
28 37 121
28 38 3
28 39 137
28 40 30
28 41 1
28 42 27
28 43 1
28 44 18
28 45 2
28 46 11
28 47 2
29 29 7898
29 32 150
29 33 688
29 34 12
29 35 249
29 36 65
29 37 189
29 38 15
29 39 25
29 40 2
29 42 28
29 43 2
29 44 12
29 45 2
29 46 9
29 50 2
30 30 98
30 33 3
30 34 1
30 36 36
30 37 10
30 38 1
30 41 6
30 42 1
30 43 8
30 44 2
30 48 1
31 31 244
31 32 1
31 33 341
31 34 2
31 35 60
31 37 19
31 39 158
31 40 481
31 41 2
31 44 7
31 46 1
31 47 2
31 48 2
31 50 1
32 32 605
32 33 217
32 35 3
32 36 2
32 37 15
32 38 1
32 39 3
32 41 1
32 42 1
32 44 1
32 46 1
33 33 3907
33 34 10
33 35 135
33 36 122
33 37 410
33 38 18
33 39 91
33 40 64
33 41 55
33 42 22
33 43 9
33 44 12
33 45 3
33 46 6
33 47 2
33 48 2
33 49 2
33 50 14
34 34 45018
34 35 514
34 36 80
34 37 64
34 38 237
34 39 82
34 40 15
34 41 1
34 42 166
34 43 74
34 44 9
34 45 170
34 46 41
34 47 6
34 50 2
35 35 1269
35 36 2073
35 37 772
35 38 548
35 39 1361
35 40 170
35 41 70
35 42 170
35 43 14
35 44 40
35 45 25
35 46 24
35 47 11
35 48 1
35 49 4
35 50 44
36 36 650
36 37 2408
36 38 1247
36 39 96
36 40 10
36 41 75
36 42 38
36 43 33
36 44 35
36 45 16
36 46 1
36 48 19
36 50 55
37 37 1704
37 38 859
37 39 139
37 40 138
37 41 176
37 42 37
37 43 20
37 44 64
37 45 7
37 46 8
37 47 11
37 48 12
37 50 29
38 38 69
38 39 161
38 40 23
38 41 2
38 42 13
38 43 17
38 44 2
38 45 36
