0 0 14.99636360958441
0 2 109.2738127274947
0 3 148.88150533040368
0 5 107.0517568588257
0 6 37.411904114355345
0 7 82.63680931829637
0 8 52.07066345214844
0 9 116.50340376959909
0 11 154.6647237141927
0 12 77.91706085205078
0 13 42.78860374768126
0 16 121.88333228326609
0 18 145.9733535766601
0 19 112.84863471984859
0 20 116.1512552897135
0 22 109.7030215793186
0 23 114.8043376377651
0 25 123.83093672532301
0 26 157.1397079467773
0 27 121.8879155805034
0 28 31.234020599474512
0 29 56.6625962627984
0 31 237.7917022705078
0 32 69.52567863464354
0 33 93.16135872734918
0 34 174.8972625732422
0 35 101.3927052815755
0 36 112.674070085798
0 37 87.30432510375977
0 39 93.78817138671873
0 44 205.49298095703116
0 57 104.1304168701172
0 64 166.6428756713867
0 69 152.446891784668
0 70 71.70672607421875
0 72 172.0781616210938
0 74 217.3917083740234
0 75 173.09209823608398
0 76 145.0266265869141
0 77 150.7307434082031
1 1 10.069157680920009
1 2 55.804934883117674
1 4 141.4028778076172
1 6 177.5958404541016
1 8 83.0267063776652
1 9 192.0562286376953
1 10 74.07034360445462
1 11 110.27995452880859
1 12 62.360006550380156
1 14 111.968647500743
1 15 61.83878715151832
1 16 70.70783665974935
1 17 78.47966766357422
1 18 69.90557670593262
1 20 106.7989222208659
1 21 41.095596821117155
1 22 95.5355275472005
1 23 85.92798041219764
1 24 28.514219889050807
1 25 70.9716394687521
1 26 36.53565534240551
1 27 106.2424991005345
1 29 131.167049407959
1 30 71.54416704177856
1 33 76.74377578735351
1 34 148.8357486724854
1 35 73.35179420753762
1 36 56.21518023602374
1 37 66.79179318745932
1 38 106.12634658813481
1 39 107.0381759643555
1 41 52.152186075846345
1 42 86.16703100765453
1 43 82.02397867838542
1 44 96.33272347083458
1 45 106.967290242513
1 46 204.3415222167969
1 48 69.1161869594029
1 50 24.5305155340363
1 51 74.35638075608473
1 59 98.03353881835938
1 61 89.18408477783203
1 62 183.1972351074219
1 64 149.3129119873047
1 65 94.82831319173175
1 66 156.5160827636719
1 67 115.796314239502
1 69 146.4877014160156
1 70 57.66808776060739
1 71 108.9622116088867
1 72 138.70941416422528
1 73 77.46251117481906
1 74 124.7295092707095
1 75 90.03941677180866
1 76 164.0130767822266
1 78 123.68833669026691
1 79 111.7953357696533
1 82 74.82608032226562
1 83 188.0400466918945
2 2 16.513022767333368
2 5 139.41660222140231
2 6 108.73143529220371
2 7 132.6716200153479
2 8 108.64659881591801
2 9 162.409188747406
2 10 118.3372149997287
2 11 193.8535171508789
2 12 178.37578201293948
2 13 128.27792510067118
2 14 176.9351806640625
2 15 112.75719833374019
2 16 39.046467562502635
2 17 114.2805709838867
2 18 69.4902484309566
2 20 71.98984990349736
2 21 84.58463287353516
2 22 35.43970306292211
2 23 117.5635261535645
2 25 37.43721483168857
2 26 37.94236484018257
2 27 107.2359676912341
2 28 133.06394483222343
2 29 96.76595119754644
2 30 104.0975875854492
2 31 135.3886566162109
2 32 107.8539535522461
2 33 83.98317321141559
2 34 151.1911724635533
2 35 78.17335837050446
2 36 46.101250319998094
2 37 67.49961126278609
2 38 101.42471665602459
2 39 110.1163252592087
2 42 122.42802661802709
2 43 96.02850402832031
2 44 120.0485382080078
2 45 122.9645697552225
2 46 128.65677897135419
2 49 162.4713745117188
2 50 66.07110191345215
2 51 102.3881746199688
2 55 165.3526458740234
2 57 123.17059326171879
2 61 149.4208374023438
2 62 188.2231369018555
2 63 188.396728515625
2 64 145.8846419484992
2 65 130.4457268550478
2 66 132.7926330566406
2 67 136.6448150634766
2 69 154.7436294555664
2 70 82.58284397125244
2 71 118.36856140753241
2 72 176.16796620686853
2 74 128.33708639705878
2 75 107.39521615783129
2 76 184.24837493896482
2 78 165.6125183105469
2 83 199.35101318359384
3 3 14.14301804769566
3 4 113.1524459838867
3 5 88.84687269056165
3 6 78.22095718383791
3 7 111.9139739990234
3 8 66.82504844665527
3 9 29.28235823017056
3 10 144.2693176269531
3 11 38.68768184373469
3 12 118.27129554748541
3 13 127.1424033755348
3 14 79.81671328422352
3 17 199.3565521240234
3 18 173.3954925537109
3 19 14.45166093712471
3 20 211.6004180908203
3 21 117.66407012939449
3 23 36.102439022833295
3 25 176.7909393310547
3 26 167.8882293701172
3 27 25.755039260865622
3 28 142.2814331054688
3 31 147.1412048339844
3 33 137.24245770772302
3 34 176.72650146484384
3 35 113.68463185628259
3 37 111.34289775175209
3 38 103.8205253601074
3 39 83.58719095690499
3 40 117.0762939453125
3 42 186.2671813964844
3 44 184.78240288628467
3 45 182.0927581787109
3 46 132.2251667022705
3 50 183.1869354248047
3 52 157.3883785671658
3 53 151.3298797607422
3 54 161.5423347473144
3 55 153.91074916294642
3 56 190.0406799316406
3 57 117.3827900886536
3 58 164.9141905152952
3 59 238.1763153076172
3 60 144.44836916242332
3 62 188.9875335693359
3 63 153.0640396118164
3 68 152.23500525433082
3 72 142.0143426965784
3 76 161.5652328302831
3 77 196.9981231689453
3 82 199.1567649841309
4 4 7.397201677480826
4 5 36.678459510411294
4 6 130.3601226806641
4 7 106.57280077253071
4 8 62.690016269683845
4 9 111.5985666910807
4 11 86.45877113342286
4 12 53.40028762817383
4 13 95.6764965057373
4 14 20.6735096730684
4 19 83.52188618977864
4 20 137.9117126464844
4 21 103.4041156768799
4 22 98.1692352294922
4 23 93.92206632173979
4 26 135.8944091796875
4 27 122.9909540812175
4 28 6.511177619298298
4 31 11.313853828723609
4 33 6.255748476300921
4 34 62.440405712571255
4 35 81.40326200212752
4 36 103.28038787841801
4 37 84.43406963348389
4 38 36.222633361816406
4 39 20.768677310811146
4 40 12.05482645784871
4 42 52.99113082885742
4 44 190.4450836181641
4 45 55.95269775390625
4 46 125.6344858805339
4 51 230.64697265625
4 53 33.581310272216804
4 56 180.7307281494141
4 60 101.8485946655273
4 61 233.4216461181641
4 63 38.38933563232422
4 68 133.1592712402344
4 69 140.07254791259768
4 71 164.26102193196618
4 72 138.3557243347168
4 75 167.2876052856445
4 76 187.3873443603516
4 82 162.6151275634766
4 83 82.47290745903464
5 5 17.65203229806495
5 6 68.5618631561841
5 7 33.24666754448302
5 8 77.08578084309896
5 9 37.7089514738695
5 10 131.636594136556
5 11 32.3725784323637
5 12 113.152826944987
5 13 104.00792424128609
5 14 28.21593312108949
5 16 143.895949045817
5 17 137.74395497639972
5 19 70.83425966898602
5 20 134.8971681594849
5 22 137.3677871704102
5 23 85.61850679331813
5 25 154.3316514756945
5 26 207.173469543457
5 27 84.1592009090683
5 28 126.5758167266846
5 29 108.4335479736328
5 31 53.52809381484985
5 32 135.91326904296878
5 33 110.9277835172765
5 34 151.735466003418
5 35 98.8599244269772
5 36 152.9994659423828
5 37 104.6376381507287
5 38 76.06445617675782
5 39 32.78150343625939
5 40 21.746277830335828
5 42 176.9438629150391
5 43 193.4922332763672
5 44 144.99055023193358
5 46 107.89877891540529
5 48 80.62399005889894
5 51 218.8857574462891
5 52 142.4622039794922
5 54 239.7684427897135
5 55 177.436045328776
5 58 157.4524710518973
5 60 163.4631958007812
5 62 191.1358947753906
5 68 133.8544769287109
5 72 167.4939072926839
5 75 218.2768516540527
5 76 175.3335461086697
5 83 236.3951416015625
6 6 21.816703760382232
6 7 69.26439139278713
6 8 124.9630289077759
6 9 38.65393585069425
6 10 155.451416015625
6 11 110.7070575601914
6 12 135.400868733724
6 13 57.84560513748122
6 14 89.11488189697266
6 15 176.21409098307288
6 16 134.6795988371878
6 17 174.4130401611328
6 18 172.28837505139802
6 19 169.12260645086118
6 20 91.71624164020314
6 21 83.10841751098633
6 22 105.3154373026073
6 23 73.21474544625534
6 25 134.1504986572266
6 26 147.7085903079011
6 27 41.995789306748144
6 28 80.22503374129768
6 29 39.36364136710096
6 31 133.8700866699219
6 32 114.7004305521647
6 33 102.97525306114781
6 34 150.2108475821359
6 35 91.4539162885104
6 36 118.0012696210076
6 37 96.5124446723112
6 38 91.05159846219149
6 39 97.155758327908
6 40 115.6350841522217
6 42 156.70243072509768
6 43 136.1306274414063
6 44 162.2154769897461
6 45 154.1138610839844
6 46 165.1479682922363
6 49 120.8163375854492
6 50 133.48530578613278
6 51 198.3024749755859
6 52 162.4282684326172
6 54 162.2896270751953
6 55 146.4911719428168
6 56 153.3871307373047
6 57 96.92781938825337
6 58 163.2465827941895
6 60 172.23846435546884
6 62 212.9561614990234
6 64 157.0332275390625
6 68 194.4940948486328
6 69 164.2415504455566
6 70 77.4924545288086
6 71 197.6333923339844
6 72 148.24888981410442
6 74 213.6863555908203
6 75 179.3175106048584
6 76 168.4953377463601
6 77 202.52753067016602
6 78 151.7224426269531
6 81 130.02459716796878
6 82 170.0809936523438
6 83 198.9781036376953
7 7 21.137621756241423
7 8 95.4481908162435
7 9 52.788647142895506
7 10 99.64292229546442
7 11 97.61769223789085
7 12 67.79419129470298
7 13 31.40395048243742
7 14 74.58929350881866
7 16 143.51176731170167
7 17 113.0249786376953
7 18 158.5652471689077
7 19 101.07178460984001
7 20 120.3708295635149
7 22 122.03128525147949
7 23 114.786008680189
7 25 155.6193426416275
7 26 161.2833058283879
7 27 104.02459137949779
7 28 107.6392150678133
7 29 95.85457871023532
7 31 67.87153776486714
7 32 135.25408935546878
7 33 81.9866405286287
7 34 173.7282257080078
7 35 87.57232051849365
7 36 134.24122565133231
7 37 92.74323263355329
7 38 78.81056610743205
7 39 55.33022030101103
7 40 34.51678868343956
7 41 76.56906986236572
7 42 167.1286329789595
7 43 82.85224914550781
7 44 164.8585305213928
7 45 164.9879302978516
7 46 178.88411331176758
7 48 73.86148452758789
7 50 135.0549621582031
7 51 189.8197937011719
7 54 205.0588836669922
7 55 146.9970448811849
7 56 165.9439697265625
7 57 131.9489479064941
7 58 211.6654968261719
7 64 236.7301483154297
7 69 182.45001220703116
7 71 205.3948669433594
7 72 149.75547676086433
7 73 230.1596832275391
7 75 195.6498500279018
7 76 159.06302388509118
7 77 194.24618021647132
7 78 152.1119079589844
7 81 149.8804626464844
7 82 171.0056304931641
7 83 194.4039611816406
8 8 12.09451435424963
8 9 90.27892025096995
8 10 125.775769551595
8 11 48.630144840671164
8 12 137.3703746795654
8 13 136.6255603366428
8 14 26.455871384446787
8 15 134.7962398529053
8 16 143.7277094523112
8 18 142.8013687133789
8 19 52.232769215360605
8 20 137.5445861816406
8 21 27.47475699016026
8 22 166.81492996215817
8 23 30.82934262389594
8 24 107.08566938127791
8 25 138.8068596976144
8 26 121.8689691363048
8 27 74.28687118530273
8 28 110.89981252496891
8 29 58.48857731289334
8 30 145.7252502441406
8 32 105.8832651774089
8 33 125.86948186700991
8 34 142.34912236531582
8 35 86.615208066743
8 36 130.7591635386149
8 37 110.2037394979726
8 38 71.69449954562718
8 39 41.87900742763231
8 41 117.1475250244141
8 42 90.71411726209853
8 43 145.1459668477376
8 44 132.9053465899299
8 45 143.2520573933919
8 46 101.85953979492191
8 47 136.67875671386722
8 48 161.4336853027344
8 50 145.6941909790039
8 51 240.5646820068359
8 52 104.81451543172199
8 53 246.2193603515625
8 54 112.6135025024414
8 55 104.5200592041016
8 56 152.8705825805664
8 57 31.94950559062342
8 58 123.4973333258378
8 59 162.7803192138672
8 60 97.8516403198242
8 61 179.35418128967288
8 62 105.92907333374019
8 63 161.2894058227539
8 64 106.19916465065701
8 66 204.6759262084961
8 68 80.7528555733817
8 69 108.05093044704859
8 70 47.40026330947876
8 71 122.4269515991211
8 72 89.10704134588372
8 73 233.4485931396484
8 74 211.7940635681152
8 75 177.50920783148868
8 76 116.31274405946121
8 77 150.77549285888668
8 78 96.0818359375
8 79 167.0980377197266
8 82 80.13729349772136
8 83 182.4008255004883
9 9 20.41511128834179
9 10 161.07800874255952
9 11 37.05079154914649
9 12 122.5710995992025
9 13 81.33840112573598
9 14 119.8224748682093
9 16 194.0334300994873
9 17 177.8464791434152
9 18 199.1740036010742
9 19 22.26540408972511
9 20 139.975133895874
9 22 173.32761543675468
9 23 80.78563537154086
9 25 194.6812845865885
9 26 163.262565612793
9 27 44.87453357778865
9 28 126.772274803697
9 29 167.21380530463318
9 31 151.3307876586914
9 32 126.4489517211914
9 33 115.9838413100645
9 34 173.12207498858052
9 35 101.5186016060585
9 37 108.95574888662131
9 38 109.3763603210449
9 39 103.6364579526534
9 40 116.9560272216797
9 42 179.8358222113715
9 44 195.1916307721819
9 45 183.8991394042969
9 46 167.999013115378
9 48 134.89404296875
9 52 170.93598828996932
9 54 191.0021076202393
9 55 170.6109995524089
9 56 185.57651435004342
9 57 143.23366843329532
9 58 176.12659214564732
9 60 157.4341472278942
9 62 207.1146189371745
9 68 160.30560185359082
9 69 163.1970748901367
9 70 195.7403259277344
9 71 211.0280685424805
9 72 150.454262904117
9 75 194.6683692932129
9 76 170.02797410094618
9 77 194.1555145263672
9 78 214.6764984130859
9 82 185.7784271240234
9 83 205.32636642456052
10 10 14.924822435627641
10 11 150.2237294514974
10 12 28.589000006914137
10 13 110.8852790094191
10 14 118.88633346557621
10 15 127.30125617980958
10 16 54.31104553577511
10 17 27.56735902884677
10 18 23.40133299589471
10 19 174.40264892578116
10 20 121.2092539469401
10 21 89.34610748291016
10 22 103.33945478711809
10 23 157.5777918497721
10 24 29.97697008573092
10 25 35.0441068461102
10 26 87.25452729213384
10 27 179.2484840393066
10 28 91.14705666075363
10 29 123.06966018676759
10 30 52.03030309677124
10 31 77.09537315368651
10 32 81.30564880371094
10 33 20.23325299797416
10 35 84.47378717150006
10 36 37.1059801433008
10 37 35.404870573610204
10 38 55.62293283562911
10 39 78.14155832926433
10 41 29.27279121317762
10 43 65.17430415906404
10 44 91.74583544049943
10 45 145.0620269775391
10 48 42.200468312139094
10 50 85.81239032745361
10 55 226.9478759765625
10 57 197.1369552612305
10 59 62.756689511812645
10 61 75.8362000247082
10 66 114.03353881835942
10 70 105.8629913330078
10 72 196.5084197998047
10 73 50.87970867156982
10 74 116.12625615737021
10 75 120.5892836959274
10 79 102.7070023672921
10 82 102.61459350585942
10 83 171.2216567993164
11 11 15.63496028802161
11 12 113.0736132170025
11 13 119.2481332414606
11 14 40.993371051986045
11 16 214.06770106724332
11 17 174.08319473266602
11 18 196.8908615112305
11 19 20.89693911967577
11 20 180.32743072509768
11 21 139.5422477722168
11 22 193.14885902404788
11 23 39.286615206270795
11 24 220.0063323974609
11 25 198.4443206787109
11 26 171.3296852111816
11 27 83.60942721757732
11 28 132.0231333280865
11 29 172.23778076171868
11 31 129.6537185668945
11 32 146.5761108398438
11 33 112.2282100405012
11 34 153.625602722168
11 35 106.17398850935221
11 37 107.8730100375503
11 38 110.1317710876465
11 39 62.815495120361454
11 40 119.8568004608154
11 41 155.6374969482422
11 42 182.35295562744142
11 44 190.2079086303711
11 45 140.8809356689453
11 46 131.49528961181642
11 52 150.0066184997559
11 53 136.9792633056641
11 54 170.93700190952842
11 55 161.68101882934567
11 57 136.9805107116699
11 58 161.48153294154582
11 59 231.0745391845703
11 60 125.4465051130815
11 63 125.55819129943849
11 64 202.1153869628906
11 68 140.7614295959473
11 72 140.9558937436058
11 75 196.9089202880859
11 76 165.7276558254076
11 77 219.58368301391602
11 81 168.1517486572266
11 82 228.5953598022461
12 12 11.284295689980713
12 13 66.22875421697444
12 14 173.07928848266602
12 17 67.61472444948943
12 18 104.58403523763019
12 19 107.21847534179692
12 21 91.86449323381694
12 22 161.6570587158203
12 23 134.8560286930629
12 24 21.439966453889912
12 25 72.78662100145894
12 26 32.66063526725027
12 27 132.9338485717773
12 28 45.397539350721566
12 29 103.59070205688481
12 30 31.285703223092217
12 31 45.10852999436228
12 33 9.020239939724188
12 34 74.28802744547527
12 35 30.723706280191735
12 36 35.21303075643686
12 37 19.65948129927019
12 38 11.37987762601505
12 39 45.544356720788144
12 40 9.051935168337232
12 41 19.45902396440506
12 42 63.38983154296875
12 43 56.16280610101265
12 44 52.577916622161865
12 45 62.65527868270874
12 46 72.89498053656683
12 47 38.73761882781982
12 48 31.06416602623768
12 50 76.40578313974234
12 54 210.7114562988281
12 55 172.1344909667969
12 56 97.54654184977215
12 57 164.3868865966797
12 59 68.34426803588867
12 60 156.2709045410156
12 61 68.07600882443515
12 62 70.17698669433594
12 66 102.6734759012858
12 70 147.197021484375
12 72 162.22028836337
12 73 46.81643630133735
12 74 112.55511016845699
12 75 113.3469514973958
12 76 209.4333953857422
12 77 248.6412811279297
12 79 102.2999004495555
12 80 66.35533905029297
12 82 46.00710934400558
12 83 201.87042236328116
13 13 25.36236223969571
13 14 86.50539425441197
13 15 240.8672790527344
13 16 135.15126571035
13 17 114.1369162665473
13 18 140.3350875377655
13 19 120.2214417457581
13 20 117.67764842753509
13 21 105.3717613220215
13 22 127.7220648608161
13 23 138.11901387301359
13 25 152.10438966296968
13 26 169.3690547943115
13 27 124.0831483766144
13 28 41.84191108981889
13 29 88.58909392968201
13 31 31.79016419053078
13 32 86.11930465698242
13 33 67.69850041973056
13 34 136.1282821655273
13 35 87.21449043767916
13 36 139.19907989501948
13 37 82.65939954301001
13 38 73.62125103290266
13 39 67.83681215107111
13 40 42.51547796075995
13 41 62.485877990722656
13 42 176.7880140032087
13 44 149.67597022423382
13 45 156.966796875
13 46 191.0786041259766
13 47 109.6396102905273
13 50 220.1690368652344
13 51 179.7515106201172
13 53 214.3249359130859
13 55 172.1881256103516
13 57 117.4853420257568
13 58 223.079460144043
13 60 223.5614929199219
13 62 224.8119812011719
13 63 190.8551330566406
13 64 130.7117881774902
13 69 157.2719955444336
13 70 129.95068359375
13 71 179.0637283325195
13 72 167.540821313858
13 74 224.2770843505859
13 75 214.0601566859654
13 76 181.0582627516526
13 77 179.04774983723962
13 78 187.1495475769043
13 81 220.3140106201172
13 82 192.353645324707
14 14 8.936893630215502
14 15 90.6860580444336
14 16 104.27587127685551
14 19 73.30886288346915
14 20 89.42864151000977
14 21 71.8626161813736
14 22 101.18141074802558
14 23 61.71547585267286
14 24 149.21468294583832
14 25 188.4746437072754
14 26 145.83508920669559
14 27 105.2547027799818
14 28 127.0465236663818
14 29 91.69433484758648
14 31 51.67294502258301
14 32 169.4596557617188
14 33 78.97119585673016
14 34 60.07141356034712
14 35 74.78889338175456
14 36 119.32897758483891
14 37 64.22755455970764
14 38 25.89643859863281
14 39 19.44514269197688
14 40 45.32173824310303
14 41 145.058349609375
14 42 156.8576100667318
14 43 222.8337097167969
14 44 145.71019897460943
14 45 113.51507568359379
14 46 116.7966300964355
14 52 191.48624420166018
14 54 201.9885762532552
14 55 171.8223419189453
14 56 179.9597320556641
14 57 82.1786117553711
14 58 173.0548400878906
14 60 107.18397903442379
14 61 210.78232320149743
14 63 97.43593597412108
14 64 126.2079416910807
14 65 246.244384765625
14 68 130.6507746378581
14 69 126.24329986572269
14 70 75.62035140991209
14 71 147.7391103108724
14 72 142.5755740079013
14 75 235.0360565185547
14 76 161.9471206665039
14 81 180.1446838378906
14 83 104.15644264221191
15 15 14.74956407094682
15 16 103.0436042623317
15 17 120.30853271484379
15 18 121.4901780348558
15 20 26.17405276231363
15 21 33.39894588903377
15 22 32.08883452930039
15 23 33.12771653821392
15 24 86.69151306152344
15 25 125.40300598144529
15 26 36.308036512775814
15 27 29.82734522093897
15 28 123.6337534586589
15 29 105.5521057128906
15 32 91.74870300292969
15 33 84.34783039093017
15 34 150.304807809683
15 35 75.91461362635836
15 36 66.98809807838043
15 37 74.69759174033159
15 38 82.05456924438477
15 39 96.01224009195965
15 42 124.14497031235109
15 43 98.88488869045092
15 44 126.9721221923828
15 45 122.0553277333577
15 46 131.3581142425537
15 50 83.73193189832898
15 51 130.3078199687757
15 53 128.1223449707031
15 55 162.70665893554693
15 57 124.0558486938477
15 59 179.562744140625
15 62 214.9425048828125
15 63 163.50705909728998
15 64 108.03891418457029
15 65 154.5679473876953
15 69 128.2431311471122
15 70 59.8017279354494
15 71 115.44523585926399
15 72 114.276250808958
15 74 171.4423828125
15 75 107.2410484077656
15 76 150.1629293341386
15 77 176.2358474731445
15 78 124.1329722684972
15 81 151.7660217285156
15 82 128.0247929890951
15 83 174.79134532383512
16 16 16.06936181192539
16 17 59.90538472305109
16 18 35.336816048504026
16 19 195.5269012451172
16 20 84.25968648485569
16 21 115.72554561070031
16 22 44.26413264283042
16 23 127.7390935080392
16 24 99.98025512695312
16 25 51.798185734459956
16 26 77.82620531439306
16 27 123.6032036267794
16 28 115.17546468335529
16 29 89.22961136857435
16 30 79.1132583618164
16 31 200.6946258544922
16 32 117.95918512344359
16 33 31.15300976048719
16 34 158.6938934326172
16 35 92.71894042403608
16 36 60.678968718177394
16 37 58.98658876388983
16 38 102.0060291290283
16 39 128.3013409205846
16 42 133.6600494384766
16 43 103.11183815002441
16 44 130.4022407531738
16 45 141.27120208740232
16 50 74.83373288755064
16 51 109.19005362192792
16 55 176.1435394287109
16 57 112.93377685546879
16 64 139.0506922403971
16 65 137.823855082194
16 69 177.3488922119141
16 70 95.81504440307616
16 71 163.29918467203782
16 72 192.2179946899414
16 73 83.89786275227864
16 74 132.9637298583984
16 75 127.11241413996771
16 76 214.0838775634766
16 77 195.38714599609384
16 78 179.230583190918
16 79 155.0842819213867
16 83 194.73751068115232
17 17 15.663320816655819
17 18 25.322958591171542
17 19 165.7812347412109
17 20 132.0315846034459
17 21 127.2222493489583
17 22 117.64406077067059
17 23 174.367914835612
17 24 54.12109035915799
17 25 34.256760261540194
17 26 83.81195257831094
17 27 168.8624267578125
17 28 107.76586049397791
17 29 150.7461090087891
17 30 66.88424573625836
17 33 50.8882802380018
17 35 86.46107188860577
17 36 50.98735381404411
17 37 51.34526367676564
17 38 69.89861011505127
17 39 99.73521859305245
17 41 57.04010645548502
17 42 148.2684478759766
17 43 86.37415394030121
17 44 140.24055735270179
17 50 101.9273834228516
17 51 142.6361389160156
17 57 225.0040740966797
17 59 92.2622528076172
17 61 98.22239072395094
17 66 110.66644744873051
17 67 148.0032958984375
17 69 218.6037750244141
17 72 201.49822998046884
17 73 77.09164969126385
17 74 106.47117428249778
17 75 116.2548037589865
17 79 117.9007975260417
17 83 169.96800613403317
18 18 19.136510926778488
18 20 118.533512706488
18 21 124.768059624566
18 22 97.7266306579113
18 23 162.20706621805832
18 24 62.107032775878906
18 25 46.26081878703012
18 26 86.26928903111872
18 27 139.5301235961914
18 28 128.1448807809867
18 29 112.6796890258789
18 30 123.0842297871908
18 31 116.09109497070308
18 32 143.0661792755127
18 33 40.631990269610746
18 34 150.9670893351237
18 35 96.0104248682658
18 36 63.446221984922886
18 37 58.592496122448104
18 38 83.37619045802525
18 39 107.0132684707642
18 42 157.6993923187256
18 43 120.2639856840435
18 44 156.92690734863282
18 45 145.1827651977539
18 46 173.2947998046875
18 48 112.61365509033199
18 50 84.24875450134276
18 51 144.2889427771935
18 55 239.8136749267578
18 56 231.6591339111328
18 61 125.23472849528
18 64 159.1817576090495
18 65 195.4948883056641
18 67 130.4171295166016
18 69 210.76399993896482
18 70 131.1783752441406
18 71 175.1354736328125
18 73 75.5560686747233
18 74 122.3889947706653
18 75 128.9104648389314
18 77 189.188232421875
18 78 206.3369140625
18 79 133.1371561686198
18 83 197.3550071716309
19 19 11.429362792291201
19 22 212.52880859375
19 23 37.49270788610798
19 27 47.185798899332674
19 28 129.17959372202552
19 29 150.6946258544922
19 31 118.0376968383789
19 33 115.17781760475849
19 34 170.9226303100586
19 35 104.0832079041679
19 37 105.1056340535482
19 38 117.0856342315674
19 39 78.34841731498982
19 40 109.32144165039058
19 42 169.2869567871094
19 44 166.24776458740232
19 46 114.35797337123329
19 50 211.801513671875
19 52 149.6107795021751
19 54 153.4849273681641
19 55 159.25101470947268
19 56 197.7619323730469
19 57 201.870112101237
19 58 160.6155392261262
19 60 142.2115367889404
19 61 212.82769775390616
19 63 161.4265594482422
19 68 136.0719327926636
19 69 157.2885284423828
19 70 162.1460418701172
19 72 141.8697399760402
19 76 160.7627343898866
19 77 209.7668380737305
19 78 220.2322235107422
19 83 181.68389892578116
20 20 16.44513813858106
20 21 72.76120303227351
20 22 37.414190644837596
20 23 113.2484528677804
20 25 106.9143470548234
20 26 91.04129779041874
20 27 29.336794997616728
20 28 105.7287958629096
20 29 33.791564220835966
20 32 76.4781033915858
20 33 42.282134656540364
20 34 141.1553518257889
20 35 70.27929975185468
20 36 67.47757227067258
20 37 67.65133044177118
20 38 76.10627663404422
20 39 91.22625647239315
20 41 175.8499450683594
20 42 130.2785296630859
20 43 119.42510292746799
20 44 160.8647467295329
20 45 166.420607248942
20 46 129.1319707234701
20 50 173.9375152587891
20 51 164.0685244473544
20 53 176.3740539550781
20 55 170.5088144938151
20 56 165.2240295410156
20 57 130.1438766479492
20 58 154.1733245849609
20 63 133.484619140625
20 64 126.1663434222028
20 65 171.16385650634768
20 69 132.0231131901817
20 70 82.71382598876953
20 71 136.6558334882869
20 72 122.009018268991
20 74 209.71429061889648
20 75 151.0061257102273
20 76 157.81401393724516
20 77 154.4162089029948
20 78 143.7781836191813
20 81 130.6213073730469
20 82 129.7057952880859
20 83 177.80124353479457
21 21 14.517300111214212
21 22 69.31752967834473
21 23 39.26108566167449
21 24 71.95307309699781
21 25 111.6497325897217
21 26 57.43841896680726
21 27 69.07005753055695
21 28 93.51082444190979
21 29 84.68143820762634
21 30 111.21874237060551
21 32 70.94553248087566
21 33 84.67951075236003
21 34 153.7579650878906
21 35 89.45092452199837
21 36 93.86777744293212
21 37 99.31979962399132
21 38 81.42687661307198
21 39 81.71907443091983
21 40 130.158203125
21 41 94.93701248168944
21 42 101.51107687699171
21 43 73.07638359069823
21 44 124.97772903442379
21 45 134.3516743977865
21 46 126.41240501403809
21 48 109.124942779541
21 50 59.76149368286133
21 51 138.102788289388
21 55 118.97058868408199
21 57 46.33189010620117
21 58 128.84283447265622
21 59 124.9171600341797
21 61 116.55951036725729
21 62 152.3581390380859
21 63 136.6244049072266
21 64 77.81463370212289
21 67 196.3936614990234
21 68 93.56193542480469
21 69 103.9428802939022
21 70 25.6175753001509
21 71 100.18171819051109
21 72 95.54684189827213
21 73 83.94384511311848
21 74 161.2510539463588
21 75 104.3548299452838
21 76 111.5258241133256
21 77 129.7282470703125
21 78 90.53817240397137
21 79 134.25346374511722
21 82 75.40253829956055
22 22 17.2582054507291
22 23 91.97226294075571
22 25 86.90946797414438
22 26 41.82349743370412
22 27 74.45610073785097
22 28 116.8015616416931
22 29 75.1349450618297
22 30 141.6623992919922
22 31 159.9427795410156
22 32 92.59511423110962
22 33 45.25967466562789
22 34 149.1733173794217
22 35 69.74919585179771
22 36 48.74059597941979
22 37 62.46237144115746
22 38 81.79245803833008
22 39 86.50470632436323
22 40 100.5127385457357
22 42 133.3050827026367
22 43 116.689138992973
22 44 136.663224919637
22 45 138.04175622122628
22 46 156.0823237101237
22 50 117.3530319213867
22 51 130.3353305573159
22 53 117.37946929931641
22 55 166.793941921658
22 56 175.482795715332
22 57 139.8558349609375
22 62 177.3580017089844
22 64 116.0627649679951
22 65 147.6409309387207
22 69 139.56664970593582
22 70 75.70088015283856
22 71 124.4936454044515
22 72 137.86090869903558
22 73 133.25653076171878
22 74 149.3324175747958
22 75 113.275283674566
22 76 152.15218249234292
22 77 145.8502655029297
22 78 167.9571599960327
22 79 195.8656768798828
22 81 123.3702239990234
22 82 150.9738006591797
22 83 170.52292055961408
23 23 19.414450103751513
23 24 124.77901919382921
23 25 141.3763242154508
23 26 107.42135270001141
23 27 38.909543399375636
23 28 117.446925951087
23 29 91.89839644284592
23 30 149.43904622395831
23 31 131.04752807617191
23 32 85.11405773162842
23 33 100.79357522220941
23 34 156.8260225149301
23 35 91.33855902099607
23 36 99.72095723737749
23 37 98.6019373161848
23 38 101.5731960562773
23 39 73.90281194920162
23 40 119.88855361938481
23 41 143.2266569871169
23 42 129.0552809238434
23 43 122.2387297948201
23 44 148.02428144372033
23 45 143.2174377441406
23 46 132.8902896290094
23 47 170.0326919555664
23 48 139.8945159912109
23 49 144.8279571533203
23 50 124.19336700439449
23 51 151.17227490743
23 52 137.2171608317982
23 53 138.05525207519528
23 54 154.39764675017332
23 55 143.74842113918731
23 56 173.9759826660156
23 57 83.64369114658287
23 58 150.93434383023168
23 59 212.8992523193359
23 60 135.6679371021412
23 61 189.85991287231448
23 62 172.0702889483908
23 63 155.8487300872803
23 64 117.68023430076799
23 65 166.2096252441406
23 67 212.12211990356448
23 68 137.3441034952799
23 69 122.51053511357941
23 70 68.10735978020563
23 71 128.40657286210492
23 72 115.1737458088208
23 73 162.9403839111328
23 74 181.1262529161241
23 75 156.60528189237
23 76 133.3611777240368
23 77 156.73189076741542
23 78 141.8676123046875
23 79 209.20645904541018
23 80 188.2217102050781
23 81 126.0486501057943
23 82 139.8735446929932
23 83 193.692024230957
24 24 11.88931468832824
24 25 51.170029401779175
24 26 30.614588311005512
24 27 167.4264526367188
24 28 75.4228744506836
24 30 45.8602989741734
24 31 95.14152526855469
24 33 32.33827529907227
24 34 140.8252868652344
24 35 91.81960157914595
24 36 51.373849287629135
24 37 37.920881558308565
24 39 145.7139663696289
24 41 19.70258135052137
24 42 124.258373260498
24 43 86.95750141143799
24 44 78.32191117604573
24 45 164.1091537475586
24 48 26.159856128692628
24 50 52.74764403429899
24 51 153.9358673095703
24 57 242.2881164550781
24 59 60.66286849975586
24 61 61.05617474797946
24 65 149.6809387207031
24 66 102.81741659981859
24 67 119.51538848876949
24 69 231.2337951660156
24 72 213.1877593994141
24 73 39.685793450900476
24 74 91.32021598815918
24 75 100.56042269193209
24 76 223.6378479003906
24 79 86.23750076293945
24 82 116.4321670532227
25 25 22.03574997853573
25 26 44.618741454888706
25 27 136.1625716026793
25 28 139.38636105559593
25 29 117.66730670928949
25 30 32.75439260403315
25 32 117.2903951009115
25 33 63.4376735461088
25 34 159.3846219819168
25 35 89.39219711914936
25 36 56.750681502656796
25 37 63.30695589691283
25 38 80.32443173726398
25 39 125.55177931352101
25 40 122.7267723083496
25 41 83.39270114898682
25 42 148.5144311731512
25 43 94.13233093848595
25 44 125.1957135764501
25 45 134.08294347127278
25 46 180.90909957885742
25 47 166.1996612548828
25 48 116.18677520751949
25 50 80.01782428042989
25 51 119.3676707951103
25 53 135.29046630859378
25 55 194.188975016276
25 57 175.8222808837891
25 59 113.2497965494792
25 61 96.6024364446173
25 62 239.786750793457
25 63 200.3641204833984
25 64 179.7448619495739
25 65 125.34912891387941
25 66 110.3731071342856
25 67 114.5227247384878
25 69 192.0054244995117
25 70 125.75149427141459
25 71 167.44255625406902
25 72 201.8756332397461
25 73 87.74150851214372
25 74 111.1740420856307
25 75 117.8070688208628
25 76 207.87435150146482
25 77 190.4949798583984
25 78 183.0563812255859
25 79 115.66516020491319
25 82 146.30403052435983
25 83 187.8347537700947
26 26 21.78501802005219
26 27 89.88552724827103
26 28 154.6599563149845
26 29 128.0772466659546
26 30 27.352131399751702
26 32 172.3951110839844
26 33 75.63401034218924
26 34 157.0264485152726
26 35 80.09262714705653
26 36 61.612414608324386
26 37 66.33013079611851
26 38 92.74424625450456
26 39 102.91993858074319
26 40 100.1139170328776
26 41 73.12807982308523
26 42 123.8116804096061
26 43 99.73301840500092
26 44 120.42086585299428
26 45 126.5650272221528
26 46 133.5577344894409
26 48 99.4203598022461
26 49 202.27093505859384
26 50 64.58020860990891
26 51 108.32215364355791
26 53 131.9930674235026
26 55 172.8720105489095
26 56 199.4849090576172
26 57 167.3583766392299
26 58 188.7326812744141
26 59 123.4599505833217
26 60 176.3759613037109
26 61 105.44779155834298
26 62 213.285195090554
26 63 215.38592529296884
26 64 130.02917623132228
26 65 124.9897637055299
26 66 125.68788926144859
26 67 132.6592938232422
26 68 180.05389404296884
26 69 160.89278127632892
26 70 64.23574085159606
26 71 120.9780786491843
26 72 174.14900588989258
26 73 78.36610576084682
26 74 120.3784094892837
26 75 108.22324122548581
26 76 176.83226067679269
26 77 198.57707383897568
26 78 168.1690148746266
26 79 128.8395453559028
26 82 154.5236658368792
26 83 175.62281549756767
27 27 18.66443646326942
27 28 121.0947956102235
27 29 55.03766094916698
27 31 159.3633804321289
27 32 85.44457051945828
27 33 82.70340241326227
27 34 159.3021145938488
27 35 86.5363883235198
27 36 85.61531048436318
27 37 88.75916241984574
27 38 96.46269434611004
27 39 97.3693534360832
27 40 120.2749599880642
27 41 134.40461730957028
27 42 140.6903493718583
27 43 127.5992046537853
27 44 152.88711211794902
27 45 170.53373209635419
27 46 148.7930466501336
27 47 166.7884674072266
27 49 213.4321848551432
27 50 156.4432874407087
27 51 171.2482771439986
27 52 157.5908508300781
27 53 194.54119873046884
27 54 181.6067247892681
27 55 151.7775067647298
27 56 181.508045014881
27 57 99.91007833480838
27 58 169.2524253781102
27 59 225.098388671875
27 60 159.9508110495175
27 62 174.33114496866858
27 63 150.19666706432
27 64 126.30364867344801
27 65 192.0306167602539
27 66 228.5071563720703
27 67 176.5757598876953
27 68 150.3244339625041
27 69 135.3883567179056
27 70 87.79678447210966
27 71 140.3871874442467
27 72 130.6743410028563
27 73 229.8312759399414
27 74 191.3127422332764
27 75 154.2267189419147
27 76 145.7084803630396
27 77 159.139580670525
27 78 147.4778861999512
27 80 186.8868179321289
27 81 149.7840908595494
27 82 146.82733866373698
27 83 195.3492572865588
28 28 22.679478626666626
28 29 49.86512877855813
28 31 22.014945904413857
28 32 21.877971012802693
28 33 33.10718942719244
28 34 137.51847585042321
28 35 84.75817442913444
28 36 141.70775197347
28 37 46.95640949084318
28 38 66.8332390558152
28 39 68.61174856969552
28 40 46.097733648199785
28 41 117.53488159179692
28 42 168.1502846027243
28 43 147.7771072387695
28 44 154.4645339302395
28 45 165.6171226501465
28 46 182.3866708928888
28 47 111.7021141052246
28 51 230.09175872802732
28 52 229.4146575927734
28 54 212.42156982421884
28 55 165.8336268833705
28 57 132.00930551382208
28 58 219.5614318847656
28 60 227.48284912109384
28 62 198.5699996948242
28 64 153.1037743886312
28 69 166.39312199183868
28 70 102.48472747802731
28 71 194.1430969238281
28 72 151.3821792602539
28 73 99.36123657226562
28 75 202.3892947110263
28 76 180.3725304376511
28 77 173.2629058837891
28 78 149.6523193359375
28 81 174.737309773763
28 82 138.9591812133789
28 83 170.8192799886068
29 29 17.94868744147159
29 32 43.52325370788574
29 33 39.85431419983762
29 34 155.3978900909424
29 35 76.74410606582812
29 36 68.02606455485028
29 37 71.60416397681604
29 38 86.63451556501717
29 39 105.51826873192421
29 42 132.002005985805
29 43 103.18709217418319
29 44 142.99456697351792
29 45 140.2504603068034
29 46 154.03499348958331
29 50 101.2717819213867
29 51 170.7069396972656
29 55 124.2604726155599
29 57 105.7662969735952
29 62 154.1910934448242
29 63 161.0251617431641
29 64 132.28589517929979
29 66 235.1363220214844
29 67 204.6142883300781
29 69 132.7537463644277
29 70 77.89522984822591
29 71 143.52123532976418
29 72 125.8284369381991
29 73 217.9984130859375
29 74 231.8587799072266
29 75 167.4620275082796
29 76 135.88303128410791
29 77 166.8430203524503
29 78 128.1883746555873
29 81 111.1587905883789
29 82 147.3525543212891
30 30 9.949966131424418
30 33 92.7546552022298
30 34 184.9386138916016
30 35 78.47000885009766
30 36 59.413681855072845
30 37 56.13375549316406
30 41 58.20804138183594
30 42 189.60015869140616
30 43 78.15195719401042
30 44 153.76082611083982
30 48 87.44956970214844
30 57 200.7702484130859
30 59 89.08113098144531
30 61 93.26893860254532
30 66 114.8292650495257
30 72 191.3079833984375
30 73 90.53958638509113
30 74 107.3218399047852
30 75 127.8774551815457
30 79 113.13376998901371
31 31 5.802029538350028
31 32 192.5161590576172
31 33 19.97882813002382
31 34 142.9749755859375
31 35 73.29484588380843
31 37 43.72670168419407
31 38 45.82031430138482
31 39 44.9901339297263
31 40 21.67506525190137
31 41 67.15034866333008
31 44 97.2993802157315
31 45 88.19681549072266
31 46 167.3401031494141
31 47 104.22283935546879
31 48 76.15909881591797
31 50 117.85472869873051
31 53 132.056396484375
31 62 134.38725280761722
31 73 134.7818298339844
31 74 160.5833129882812
32 32 11.34188669496331
32 33 23.924832037517
32 35 134.7880503336588
32 36 129.65522766113278
32 37 44.85541043074235
32 39 121.5764592488607
32 42 147.3223114013672
32 43 85.99341583251953
32 44 195.9947738647461
32 46 182.7570037841797
32 55 176.9088592529297
32 57 91.45279693603516
32 58 200.68536376953116
32 69 141.2439231872559
32 70 55.94663619995117
32 72 131.8301912943522
32 75 166.6961669921875
32 76 140.75605316162108
32 77 195.7437032063802
32 78 153.6790714263916
33 33 8.480750866990437
33 34 138.6355171203613
33 35 80.66659093410411
33 36 52.42138428523622
33 37 17.732379205583587
33 38 94.34332466125488
33 39 51.39786027272542
33 40 11.41076813936234
33 41 24.412489674308077
33 42 151.1604825533353
33 43 95.07851219177246
33 44 147.6552658081055
33 45 142.8885231018066
33 46 194.32094319661462
33 47 130.28877258300778
33 48 41.87547175089518
33 49 120.90174102783199
33 50 108.20923451014929
33 51 95.5302505493164
33 55 160.42037455240882
33 57 102.9501800537109
33 58 220.693115234375
33 59 59.93631871541341
33 61 143.6147689819336
33 62 244.189697265625
33 64 142.9219650268555
33 65 154.3051452636719
33 68 227.334228515625
33 69 143.2965621948242
33 70 86.32867431640625
33 71 146.64282836914057
33 72 153.5924027182839
33 73 62.720955657958974
33 74 117.951247215271
33 75 131.6297163852425
33 76 164.6955545865573
33 77 200.8592132568359
33 78 145.8704833984375
33 79 203.28143310546884
33 81 162.9071044921875
33 82 228.0764465332031
33 83 169.2193756103516
34 34 14.85916298361726
34 35 66.3087883875208
34 36 107.419399632348
34 37 93.6324311377297
34 38 75.36288860866001
34 39 82.55160799259093
34 40 63.27714429582868
34 42 85.24671893148026
34 43 128.7889283669961
34 44 124.8392325953433
34 45 100.52622667572201
34 46 90.69934200105213
34 47 96.89201889038084
34 50 135.4844932556152
34 51 192.78439636230468
34 53 82.00729575523964
34 55 190.28127080743957
34 56 217.61895751953116
34 57 144.7133799961635
34 58 212.7031962076823
34 60 199.41373697916669
34 62 215.7717590332031
34 63 69.556494140625
34 64 178.2759379511294
34 65 204.4332626342774
34 66 119.0449371337891
34 67 163.6319580078125
34 68 186.9493103027344
34 69 169.56818685223982
34 70 172.9925587972005
34 71 166.57173098688543
34 72 179.85405646430118
34 74 168.2524773733956
34 75 167.1609849827264
34 76 199.7100915527344
34 78 180.823232014974
34 79 219.9720001220703
34 80 217.9449310302734
34 82 150.1027412414551
34 83 57.275116705911074
35 35 18.14517553093846
35 36 29.45537986388413
35 37 40.74931735781046
35 38 35.3262563092368
35 39 24.589374592857663
35 40 34.147146986241935
35 41 41.18054580688477
35 42 74.15470735901279
35 43 114.13719940185551
35 44 156.19449135564992
35 45 107.37755187014321
35 46 128.91640302870007
35 47 132.8640073140462
35 48 138.53251647949222
35 49 163.22562408447268
35 50 89.899839441827
35 51 125.07342368678042
35 52 185.2242736816406
35 53 86.68359756469727
35 54 171.896110534668
35 55 155.652395809398
35 56 201.02774556477868
35 57 95.06667341034988
35 58 175.30209568568642
35 59 179.6392364501953
35 60 82.52899169921875
35 61 121.0588493347168
35 62 171.1371358235677
35 63 163.6865539550781
35 64 124.90858682772009
35 65 161.3124465942383
35 66 149.1331329345703
35 67 160.0918655395508
35 69 139.3996678865873
35 70 94.78638820648192
35 71 152.68706473657642
35 72 139.4559223175049
35 73 113.40947129991319
35 74 141.17558710625832
35 75 139.4390688073145
35 76 145.6257104873657
35 77 162.35785335964633
35 78 142.39068041349708
35 79 148.2420806884766
35 81 141.7505100795201
35 82 159.31869379679358
35 83 94.51315624573652
36 36 19.29988359952014
36 37 16.46941589130752
36 38 15.35206579247253
36 39 51.762298067410796
36 40 55.01919078826904
36 41 17.16798308262458
36 42 105.56969758330798
36 43 82.85764287312826
36 44 92.07841632984301
36 45 114.4842557040128
36 46 132.2576904296875
36 48 31.8918211585597
36 49 144.5857086181641
36 50 74.38348333185371
36 51 79.04615702909581
36 53 73.41343307495117
36 55 148.6733642578125
36 56 179.3991928100586
36 57 147.1161721547445
36 58 167.0993499755859
36 59 48.35981960296631
36 61 67.58581308885054
36 64 118.5329980116624
36 65 94.85149489508734
36 66 105.7676031930106
36 67 106.83442587601509
36 69 133.8846611022949
36 70 83.98520565032959
36 71 110.14848100816879
36 72 152.9537048339844
36 73 56.77440003156662
36 74 102.8068281957345
36 75 104.7199180693853
36 76 151.745527787642
36 77 193.6288528442383
36 78 165.4606611463759
36 79 114.5102651259478
36 80 81.28959655761719
36 82 100.07993480137421
36 83 136.5410333173028
37 37 11.95717833065421
37 38 13.988807672273632
37 39 39.369639403503854
37 40 10.908338834077881
37 41 13.893572914256971
37 42 142.6979184554795
37 43 111.8245764701597
37 44 118.28573096425909
37 45 105.06631117600661
37 46 150.02546473911832
37 47 86.54977798461914
37 48 35.276615858077996
37 49 171.9771728515625
37 50 81.05569617692814
37 51 125.3241037439417
37 52 187.6804504394531
37 54 196.1633126395089
37 55 172.57952524820962
37 56 199.7834930419922
37 57 100.65406294791929
37 58 208.79665501912442
37 59 115.37066650390621
37 61 120.26240520477292
37 62 189.39175109863282
37 63 134.723274230957
37 64 153.400621686663
37 65 135.7847866482205
37 66 114.95542035784041
37 67 126.48727874755859
37 68 216.2035369873047
37 69 149.5933837890625
37 70 115.613657996768
37 71 152.48631809779582
37 72 146.56793786783132
37 73 74.4121800994873
37 74 121.5403906356457
37 75 122.7586739655513
37 76 159.3079295438879
37 77 167.1478742516559
37 78 145.5250832693917
37 79 124.5435019599067
37 81 141.3310775756836
37 82 117.3507068634033
37 83 123.5579913669162
38 38 6.817807276844977
38 39 22.66457032015224
38 40 7.547983472869241
38 41 10.21134910216698
38 42 109.26389761532049
38 43 70.33821716308594
38 44 64.26273888232662
38 45 80.10114364624023
38 46 88.74478149414062
38 47 69.18798501150948
38 48 23.468422538355778
38 50 94.5654017130534
38 51 128.37871170043948
38 53 43.50155639648438
38 54 197.6353302001953
38 55 165.70961434500558
38 56 91.75857162475586
38 57 115.1420030593872
38 58 199.4640045166016
38 61 53.8779411315918
38 62 111.69873046875
38 63 55.26133728027344
38 64 150.0953826904297
38 67 147.8422088623047
38 68 176.4534912109375
38 69 142.10616111755368
38 70 88.7419204711914
38 71 161.7166080474854
38 72 154.4368625217014
38 74 138.52263259887698
38 75 146.4165433247884
38 76 155.38936614990232
38 77 183.7675120035807
38 78 140.940055847168
38 79 134.28215026855472
38 80 91.53650283813477
38 82 124.9908701578776
38 83 104.3966967264811
39 39 10.126136768489632
39 40 14.199493246419088
39 41 67.87358856201172
39 42 116.0735573015715
39 43 109.9148935590472
39 44 134.5545983565481
39 45 80.94106388092041
39 46 103.22265467436421
39 47 93.11627239651149
39 48 68.14356136322021
39 50 164.167724609375
39 51 142.2554804484049
39 52 102.9802703857422
39 53 86.77693303426105
39 54 99.32231903076172
39 55 150.51797812325609
39 56 161.48795318603518
39 57 88.7391290664673
39 58 138.1257702371348
39 60 114.62253494262698
39 61 209.0971221923828
39 62 146.80738449096683
39 63 87.27693430582684
39 64 157.0616656216708
39 68 108.77716064453121
39 69 145.89798736572268
39 70 95.9301528930664
39 71 125.68900489807129
39 72 115.50054500413981
39 74 165.2435760498047
39 75 149.28991474824792
39 76 132.7483828930145
39 77 164.3687133789062
39 78 132.530948638916
39 80 131.20881652832028
39 81 119.5585797627767
39 82 124.2260611397879
39 83 96.11373306106735
40 40 4.957347687401065
40 41 22.46715872628348
40 42 69.19793844223021
40 43 39.79128074645996
40 44 79.90250566270616
40 45 44.354944864908845
40 47 137.1534652709961
40 52 229.5464782714844
40 60 153.8946838378906
40 69 208.9624481201172
40 70 159.00537109375
40 72 164.4871164957682
40 76 160.7422790527344
40 77 171.8560028076172
40 82 27.92494773864746
40 83 125.68787384033199
41 41 6.790240313980607
41 42 80.0805778503418
41 43 14.98074413481213
41 44 32.26377054361197
41 45 29.15408363342285
41 47 42.01832962036133
41 48 15.8161124839439
41 50 56.23966852823892
41 56 74.00328826904297
41 59 32.85458653767903
41 61 50.52038831710816
41 73 17.90479165857488
41 74 158.13558197021482
41 75 100.5475966135661
41 77 73.35624440511067
41 79 151.7295532226562
41 82 16.47747030258179
42 42 16.46193096804332
42 43 27.311666816393107
42 44 57.63159112875384
42 45 42.7792098634195
42 46 24.93496660676074
42 47 37.39319298344274
42 48 32.20724728300765
42 49 138.9181861877441
42 50 71.23072360313103
42 51 75.55500197737184
42 52 97.68650548598345
42 53 60.485232905337675
42 54 106.488045828683
42 55 92.31930807057549
42 56 87.3624132390608
42 57 76.28502766090105
42 58 102.47406295950421
42 59 82.29563474655151
42 60 100.12827682495121
42 61 120.8269786834717
42 62 94.57276439666748
42 63 121.2772055233226
42 64 74.47259340686958
42 65 90.38536105436435
42 66 94.8226095835368
42 67 86.90015762464134
42 68 92.01883798487046
42 69 73.38363396865815
42 70 74.26572191304173
42 71 71.59289587504587
42 72 84.81610534125166
42 73 79.86513383047921
42 74 91.1537535437222
42 75 78.51955736992956
42 76 92.73433980147043
42 77 116.90687236785891
42 78 98.09902843759079
42 79 108.21333694458009
42 80 71.84777379773327
42 81 107.8626594543457
42 82 52.304798209148906
42 83 76.74779607072661
43 43 15.651401928949301
43 44 17.1118011011979
43 45 15.09100637702072
43 46 47.41627015872877
43 47 43.41936535305447
43 48 8.370948368989968
43 49 123.38308715820308
43 50 42.183741241031214
43 51 46.139320407429885
43 54 207.3210296630859
43 55 114.02213549146471
43 56 160.7326115199498
43 57 157.55923970540368
43 58 137.6447461446126
43 59 29.943297946125004
43 60 149.0578943888346
43 61 45.68677149172182
43 62 139.4027277628581
43 63 113.3419828414917
43 64 61.09208320099631
43 65 62.77354399179448
43 66 46.666207526140155
43 67 55.108134622927075
43 69 64.48548945751817
43 70 44.17440851803484
43 71 54.16685748522796
43 72 90.45634803771972
43 73 47.772885192524306
43 74 53.23164541087181
43 75 59.25814676115898
43 76 103.66204340317671
43 77 100.64441152719351
43 78 83.85437178611754
43 79 54.24941660376156
43 80 66.72799301147461
43 81 52.062309741973884
43 82 53.19067596253896
43 83 104.51556846423028
44 44 12.901032835231161
44 45 36.58300360107422
44 46 46.860256742230426
44 47 9.79876026786676
44 48 13.375633373937971
44 49 100.0952751159668
44 50 55.29116415977478
44 51 71.48114515088268
44 52 105.13404422336149
44 53 71.63004899024962
44 54 116.5679249482996
44 55 95.71468795939563
44 56 97.88138318269148
44 57 84.38757876692145
44 58 106.40020585202879
44 59 36.266587064422744
44 60 103.5624883863661
44 61 29.288068505220643
44 62 82.8859477874336
44 63 116.27645527232781
44 64 80.45738981265833
44 65 56.76314118309939
44 66 50.137820057247
44 67 59.13417009375561
44 68 109.0930377415248
44 69 69.66888009827092
44 70 78.82443219965154
44 71 66.45748024204573
44 72 101.2413554807909
44 73 33.60899151942527
44 74 62.21654115995189
44 75 68.9334632895323
44 76 98.09086196822928
44 77 57.177050366865856
44 78 72.33199065875752
44 79 62.75596972072825
44 80 43.50548749427273
44 81 41.428466562791314
44 82 16.10091925804404
44 83 89.81901613871256
45 45 32.1103275099466
45 46 20.89380308843794
45 47 19.75179230083119
45 48 18.29470211526622
45 49 83.60565185546875
45 50 61.340722157404976
45 51 75.9950198891722
45 54 110.29730224609379
45 55 111.65911335847821
45 56 113.33492769513809
45 57 86.34585571289062
45 58 112.8833770751953
45 59 51.57601776123047
45 60 108.117426554362
45 62 121.57971736363001
45 63 111.8175888061523
45 64 85.29893341064455
45 65 78.33604290610866
45 66 64.96909351348877
45 67 73.75022363662721
45 69 75.81864866638183
45 70 88.72377601036659
45 71 72.78284524309585
45 72 113.0171198163714
45 73 62.45535659790039
45 74 75.27892218695746
45 75 72.85368701573967
45 76 104.86019069126671
45 77 113.1190848350525
45 78 91.12287325177874
45 79 87.72052256266278
45 80 60.78843879699707
45 81 106.2636260986328
45 82 37.12096681594848
45 83 84.89676297095514
46 46 11.07122681234231
46 47 15.8864266378764
46 49 94.87705421447754
46 50 109.04287883213591
46 51 113.8085245404925
46 52 80.96852533440841
46 53 21.03095229101687
46 54 44.70110507364626
46 55 94.01829953565664
46 56 52.696518898010254
46 57 39.32008021278719
46 58 100.8453129913847
46 59 94.08922729492187
46 60 59.891060224939345
46 61 37.33538691202799
46 62 81.6645943010357
46 63 19.88179741541544
46 64 91.78033100474964
46 65 126.31380615234372
46 67 162.9038060506185
46 68 66.5922869697946
46 69 95.8953678494408
46 70 77.81692051887512
46 71 90.01379789789037
46 72 73.78647223451084
46 73 129.71904373168948
46 74 111.3381183330829
46 75 113.4551919376149
46 76 101.0977130889893
46 77 100.17146644592279
46 78 116.1158790588379
46 79 151.2696990966797
46 80 47.52588892850009
46 81 133.6125183105469
46 82 42.480687141418464
46 83 79.22536818186444
47 47 4.673785258723439
47 48 20.53092130025228
47 52 121.0058250427246
47 53 11.987599822393069
47 54 43.42878825847919
47 55 117.372615814209
47 56 40.77023378014565
47 57 87.06743240356445
47 58 120.5016094843547
47 59 57.4693603515625
47 60 102.04619693756099
47 61 31.16138935089111
47 62 45.85548425757365
47 63 31.75416874885559
47 64 100.8679962158203
47 68 101.707898457845
47 69 101.4447288513184
47 70 129.4853324890137
47 71 129.1923198699951
47 72 99.80698585510254
47 74 87.0985336303711
47 75 94.22463353474933
47 76 116.4810199737549
47 77 34.75223520823887
47 78 95.05867767333984
47 79 120.12142944335942
47 80 21.38831148828779
47 82 5.168616874651477
47 83 86.22964426676431
48 48 6.313796633017992
48 50 48.35737951870622
48 55 108.4676895141602
48 56 62.667237599690765
48 57 124.71317672729491
48 59 18.67286560012073
48 60 149.5427398681641
48 61 27.909099405010537
48 62 63.0694580078125
48 63 183.2272644042969
48 70 90.79137767444958
48 72 158.1969528198242
48 73 18.266878681433827
48 74 54.36639658610025
48 75 63.73662168329412
48 76 139.8786544799805
48 77 56.30462265014648
48 79 56.48460804332387
48 80 57.64858881632486
48 82 8.334116080055939
49 49 17.02994698932018
49 50 217.4723358154297
49 51 127.21689054701059
49 52 152.6752777099609
49 54 152.81872431437168
49 55 51.83815379839375
49 56 80.42190768113777
49 57 96.17295074462892
49 58 161.40877532958982
49 60 141.6840133666992
49 62 46.44209254068661
49 65 133.8092293372521
49 66 182.7478790283203
49 67 136.0179466247559
49 68 194.1570994059245
49 69 98.00845982478216
49 71 121.6260577610561
49 72 91.69964408874512
49 74 146.9161924882369
49 75 149.14986746651792
49 76 111.60129642486571
49 77 45.394772859358454
49 78 41.45675188669116
49 81 85.37622833251953
49 82 87.69169131192294
50 50 10.579488567648259
50 51 62.87232118494371
50 53 122.4943161010742
50 55 131.25322341918948
50 56 154.3782958984375
50 57 81.84780958897092
50 59 55.428184509277344
50 61 50.883400508335654
50 63 118.21980705261231
50 64 62.10433904031166
50 65 68.5288027887759
50 66 90.94361877441406
50 67 74.4979093451249
50 69 103.7847957611084
50 70 28.893935020153343
50 71 81.64916801452638
50 72 85.42769942032662
50 73 21.43729433580793
50 74 67.647005505032
50 75 31.19177469456429
50 76 118.5600135803223
50 77 142.8849143981934
50 78 124.4129206339518
50 79 86.05185127258301
50 82 72.29030990600586
50 83 156.6662292480469
51 51 17.328698538596097
51 54 169.3211081368583
51 55 110.5995639979675
51 56 141.2516026260829
51 57 129.71026611328122
51 59 169.97854804992681
51 62 132.5991497339378
51 64 127.35525427924259
51 65 43.88198685958007
51 66 148.39306640625
51 67 79.8056810866011
51 68 211.52783203125
51 69 77.32581136443399
51 70 129.9681549072266
51 71 39.869240603441774
51 72 167.57852681477868
51 73 73.7090072631836
51 74 34.415160856203535
51 75 37.68834222708029
51 76 121.15036010742192
51 77 134.2855046590169
51 78 97.56461396959094
51 79 104.5336570739746
51 81 100.6794281005859
51 82 121.6866887410482
51 83 168.58173751831052
52 52 12.323031535801821
52 53 131.1205139160156
52 54 87.80539022173201
52 55 142.68125970023019
52 56 118.6702067057292
52 57 69.13549041748047
52 58 21.001738720527698
52 59 145.4661865234375
52 60 45.59273574356368
52 61 167.2192993164062
52 62 146.0256250554865
52 63 83.99997829568797
52 68 15.27270289938714
52 72 26.294456325887104
52 76 25.607808617770967
52 77 141.4196601280799
52 78 196.3852386474609
52 82 115.07241167340959
52 83 133.0721969604492
53 53 8.600283759271997
53 54 28.679312239993703
53 55 122.7029800415039
53 56 107.5855537414551
53 57 57.06287329537528
53 58 125.354487492488
53 60 69.90422344207764
53 61 203.5772399902344
53 62 132.5672912597656
53 63 25.25687887505715
53 68 111.0258163452148
53 70 122.9618545532227
53 71 180.4538879394531
53 72 95.23826131513043
53 74 150.6790008544922
53 75 177.0505256652832
53 76 125.9171577453613
53 80 13.52155916831073
53 82 12.3262761186909
53 83 51.97747941450639
54 54 19.11167224726282
54 55 75.20508545520259
54 56 32.259811458456866
54 57 75.61621483512546
54 58 41.58501916264299
54 59 139.2744140625
54 60 35.961878659298634
54 61 154.5814208984375
54 62 96.88104043490644
54 63 35.78312817124018
54 64 219.2285308837891
54 66 146.53812154134118
54 67 190.97625732421884
54 68 61.1415676337022
54 69 129.82681884765628
54 70 148.25618998209632
54 71 159.5131072998047
54 72 89.32405209541321
54 74 194.046641031901
54 75 199.2298060825893
54 76 88.64051778405306
54 77 140.6923960731143
54 78 138.7967427571615
54 80 76.50595598220825
54 82 118.7891300746373
54 83 70.17575073242189
55 55 23.84439103265939
55 56 79.50293850609165
55 57 74.81797221921525
55 58 35.788407676703436
55 59 144.708671951294
55 60 142.379646619161
55 61 164.8634948730469
55 62 59.999247006126545
55 63 93.56798248291015
55 64 128.04922812325609
55 65 115.4674912604733
55 66 164.2247562408447
55 67 131.0056640195175
55 68 171.2647806803385
55 69 81.1531353070898
55 70 126.46438598632808
55 71 100.65614956822891
55 72 64.41678824180212
55 74 130.3517946515765
55 75 130.4272784945331
55 76 47.31441447484651
55 77 105.46541269976109
55 78 36.82051142802389
55 80 134.161382039388
55 81 88.44331329345705
55 82 94.29195703778947
55 83 163.4175401575425
56 56 22.22965267585796
56 57 97.80389564915708
56 58 59.878545472212394
56 59 103.4239547729492
56 60 97.9493005508767
56 61 116.69083175659179
56 62 33.94844455444609
56 63 82.41861927893855
56 65 159.2104034423828
56 66 151.0499267578125
56 67 173.6484527587891
56 68 98.71874849724048
56 69 122.19608039855959
56 71 131.1344283851417
56 72 108.8054151535034
56 74 161.793827426049
56 75 168.0368532180786
56 76 112.25700247628349
56 77 107.9014065606253
56 78 97.48393054718667
56 80 57.68214606720468
56 81 124.4912599836077
56 82 60.565387407938644
56 83 185.5693868001302
57 57 10.65385529798222
57 58 81.64361460455531
57 59 145.0590744018555
57 60 42.66079099295921
57 61 124.5683937072754
57 62 123.1631240844727
57 63 29.16153332756625
57 64 100.9042405022515
57 65 136.71088918050128
57 66 186.9552764892578
57 67 155.6861114501953
57 68 60.073838837292726
57 69 115.3392977033343
57 70 28.78083020488158
57 71 126.3335723876953
57 72 31.568122796266238
57 73 106.0538131713867
57 74 170.7674468994141
57 75 113.4959819344913
57 76 76.21816791441383
57 77 103.90008029937741
57 78 83.32929120744977
57 79 136.60443115234378
57 80 97.87725830078124
57 81 75.75550569806781
57 82 98.25179990132648
57 83 162.9553192138672
58 58 20.443366298279592
58 59 154.55164195873118
58 60 30.77133375075863
58 61 178.5733184814453
58 62 82.33168907779152
58 63 93.55326881408692
58 65 212.4423166910807
58 66 192.0870030721029
58 67 162.5311508178711
58 68 18.69987573737957
58 69 138.8653163909912
58 72 71.69819601559969
58 74 228.0874481201172
58 75 196.8765659332275
58 76 43.576832133672475
58 77 127.79078925924101
58 78 164.06846904754642
58 79 184.93057759602868
58 80 139.1560293833415
58 81 149.2412033081055
58 82 118.37217541130221
58 83 152.3975270589193
59 59 14.09712882517517
59 60 145.083805671105
59 61 25.493556489024247
59 62 81.5498752593994
59 63 74.79722595214844
59 64 211.4150543212891
59 65 57.331480923820955
59 66 26.80863581229345
59 67 23.532737435465283
59 68 138.057487487793
59 69 108.4611312866211
59 70 110.03314208984379
59 71 120.73144589937651
59 72 147.26749165852868
59 73 23.148285318823422
59 74 38.361861715080046
59 75 75.83644071614967
59 76 165.02399749755858
59 77 62.307089394385656
59 78 109.5995559692383
59 79 53.98933498279469
59 80 60.21369409561157
59 81 105.3732452392578
59 82 23.86325012277791
60 60 15.6788257411361
60 61 144.28019409179691
60 62 122.2188423156738
60 63 31.57509188529773
60 66 166.9876556396484
60 68 20.335866351497373
60 69 188.41737874348962
60 70 85.26832071940105
60 72 35.86389094719048
60 74 231.574462890625
60 75 124.6440658569336
60 76 65.90264511108397
60 77 122.5008418434545
60 78 176.99473266601558
60 79 172.1956024169922
60 80 135.1388633728027
60 82 106.653631578412
60 83 147.0076947893415
61 61 8.72859240633975
61 62 73.51720809936523
61 66 69.19966176350911
61 67 97.04696655273438
61 70 76.90399169921875
61 71 180.7210998535156
61 72 162.0828750610352
61 73 14.74453922123882
61 74 102.6240942955017
61 75 30.19095247266005
61 76 188.3538513183594
61 77 83.84362831115723
61 78 162.0185852050781
61 79 38.99763898385896
61 80 83.46027501424153
61 82 37.839237074921094
61 83 217.2338562011719
62 62 24.58787293706659
62 63 119.8104462623596
62 64 141.3343811035156
62 65 145.3836701858875
62 66 154.7249298095703
62 67 153.9537921827666
62 68 111.70665595645
62 69 123.49828677707251
62 71 123.17566525619641
62 72 126.03663313123909
62 73 86.34938430786133
62 74 150.6415602571221
62 75 161.73076853434242
62 76 121.6660947555151
62 77 66.0671342753808
62 78 79.22736309683897
62 79 122.9048748016357
62 80 33.74169080704451
62 81 98.80346584320068
62 82 63.13141305106028
62 83 124.7279556274414
63 63 9.256225481758053
63 64 95.46360778808594
63 68 70.23166194714997
63 69 89.6295394897461
63 70 73.68863133021763
63 71 103.5666212602095
63 72 65.62751514403547
63 73 154.7645282745361
63 75 151.745881652832
63 76 96.53155538198112
63 77 175.87412470037293
63 78 142.0903167724609
63 80 66.26549953884549
63 81 108.5196304321289
63 82 90.04792404174805
63 83 63.901164817810056
64 64 10.89604291055351
64 65 116.0567110501803
64 66 132.97709655761722
64 67 148.2311477661133
64 69 36.59827477143709
64 70 30.51895864091368
64 71 24.74620034728858
64 72 26.262179704122637
64 73 99.3865203857422
64 74 134.8617417017619
64 75 34.62180956156498
64 76 41.74480947927267
64 77 107.4456354777018
64 78 91.19984198235845
64 79 155.7157440185547
64 81 87.91997746058874
64 82 96.23808364868164
64 83 156.5459868691184
65 65 17.4033314490726
65 66 66.30553833214012
65 67 30.57405790961827
65 69 76.44944417007326
65 70 122.70839309692379
65 71 35.948206802472065
65 72 152.8078905741374
65 73 60.05870246887207
65 74 45.85126957282527
65 75 77.21853815088619
65 76 140.2703046162923
65 77 121.65070958291331
65 78 90.10001762635116
65 79 114.1509895324707
65 81 125.4057464599609
65 82 30.21153677480793
65 83 190.2191721598307
66 66 24.43310062210969
66 67 34.077248760588105
66 68 156.7434387207031
66 69 115.6364643096924
66 71 116.66029968261721
66 72 155.73681640625
66 73 69.26492902967665
66 74 41.24239666449635
66 75 82.30915813820035
66 77 125.247614640456
66 78 121.6518636431013
66 79 64.43182098865509
66 82 49.984077087820395
66 83 152.2104644775391
67 67 19.23085440868756
67 69 115.0072837997885
67 70 129.6537640889486
67 71 90.47305285676997
67 72 131.9847132364909
67 73 65.30506134033203
67 74 39.6628718064234
67 75 81.92059973296334
67 76 172.80009787423268
67 77 130.3825182401217
67 78 115.28269177391421
67 79 82.7460199991862
67 81 115.98301442464191
67 82 40.134985359939364
67 83 150.5332815987723
68 68 11.209907673057131
68 70 100.3359527587891
68 72 30.32042976954709
68 75 121.62889862060551
68 76 41.7426442253519
68 77 120.0453945341564
68 80 128.8407974243164
68 82 126.90458583831791
68 83 141.391487121582
69 69 18.42889582942928
69 70 65.37681971958705
69 71 37.967400034236434
69 72 51.207222615446994
69 73 110.48268508911129
69 74 116.1215590594108
69 75 90.3987521213883
69 76 45.808096593152406
69 77 101.4965135803223
69 78 38.10463107420518
69 80 231.8440246582031
69 81 74.5528000831604
69 82 42.696523099265704
69 83 153.205472140842
70 70 11.427025666184571
70 71 65.22837257385254
70 72 34.89219575124606
70 73 66.46459031538528
70 75 36.53469874501046
70 76 65.44772172743275
70 77 103.34607696533199
70 78 124.9444585527692
70 81 71.8374538421631
70 82 80.43307240804036
70 83 145.4600791931152
71 71 20.7014545665405
71 72 120.9210781521267
71 73 128.6470794677734
71 74 73.78418831478683
71 75 42.825555831970576
71 76 102.21646805332131
71 77 117.343930012471
71 78 77.48806328488907
71 81 91.17633438110352
71 82 47.81610205152639
71 83 150.0754592759269
72 72 14.94898364563794
72 73 111.9864044189453
72 74 161.0808070789684
72 75 101.26038838106041
72 76 26.962862861369338
72 77 110.36991918654671
72 78 90.34759079141821
72 81 89.94963900248209
72 82 90.25542515721813
72 83 157.4003741615697
73 73 7.9115517165837765
73 74 47.361359774056126
73 75 27.317166046001738
73 77 68.3182144165039
73 79 53.306718725907174
73 82 36.90752355675949
73 83 212.7256927490234
74 74 23.28366596811382
74 75 46.537407894860905
74 76 153.8460914975121
74 77 148.88302531995268
74 78 116.127899795613
74 79 52.56926843021693
74 80 101.6883544921875
74 81 134.6290130615234
74 82 79.3480344286152
74 83 176.78298789576482
75 75 20.469487256966968
75 76 103.59989906759822
75 77 155.3849337595814
75 78 129.1722513124263
75 79 28.366029917603672
75 81 168.3804321289062
75 82 82.33954499343345
75 83 161.7660081261083
76 76 22.665381863155943
76 77 120.2441622599401
76 78 69.60751131774622
76 79 194.1939849853516
76 80 151.0424499511719
76 81 91.00963259610263
76 82 104.3199469658636
76 83 163.3718152959296
77 77 27.999415710043078
77 78 56.79516959454397
77 79 107.97869982038229
77 80 8.874202994199901
77 81 24.068993207765
77 82 32.05475412927023
77 83 119.6899471282959
78 78 17.76595305466429
78 80 126.9290924072266
78 81 44.10219752141671
78 82 42.70885721325168
78 83 166.94108390808108
79 79 42.99747825250393
79 81 212.1612091064453
79 82 79.83622765541077
80 80 3.901097706048795
80 82 14.41052235662937
80 83 129.776845296224
81 81 9.983662674412924
81 82 26.647756409371038
82 82 8.383344315733094
82 83 68.94757270812988
83 83 14.51353466145607
