0 0 20.03166423595793
0 1 158.2465515136719
0 2 113.38852075552842
0 3 109.35922437395371
0 4 186.1681976318359
0 5 111.8245038741674
0 6 43.2684241100317
0 7 96.042538034691
0 8 87.26967239379883
0 9 109.9746997748481
0 10 135.4339389801025
0 11 153.213472366333
0 12 123.79135589599609
0 13 49.62404163171517
0 14 205.7899627685547
0 15 160.6522674560547
0 16 115.0241224537725
0 17 162.82258148193358
0 18 138.5612898201778
0 19 122.83585589864978
0 20 96.9602057852396
0 21 173.4091644287109
0 22 102.13680773946491
0 23 111.0554777251349
0 25 135.8693268102244
0 26 149.0212531899506
0 27 111.79715442371081
0 28 39.58605371822827
0 29 57.31093556551243
0 31 153.5569949679904
0 32 86.90897521972656
0 33 93.96174655383145
0 34 174.8972625732422
0 35 117.3312508924952
0 36 114.0630071786734
0 37 107.3864575732838
0 38 127.8447892930773
0 39 121.9861437041184
0 40 179.41994730631507
0 41 187.1822662353516
0 42 206.5409393310547
0 43 170.069149017334
0 44 199.9412907191685
0 46 169.77523676554358
0 50 137.3117980957031
0 51 154.5773773193359
0 52 240.1896057128906
0 55 228.1132507324219
0 56 248.6279296875
0 57 138.3017086452908
0 58 189.5852813720703
0 64 156.6125606960721
0 65 182.52294921875
0 69 137.62668482462558
0 70 99.95791473388672
0 71 166.630549621582
0 72 151.5760269165039
0 74 217.3917083740234
0 75 182.1457083565848
0 76 176.4873046875
0 77 178.8762283325195
0 78 217.3376770019531
0 83 182.3709716796875
1 1 13.836303874599713
1 2 65.98465055847169
1 3 240.8780670166016
1 4 140.08985174269898
1 5 148.71614401681083
1 6 148.61721692766457
1 7 165.8442993164062
1 8 81.82819506472516
1 9 196.2293060302734
1 10 67.77642822265625
1 11 128.9046930166391
1 12 60.321214383443206
1 13 179.5955352783203
1 14 113.81155986031571
1 15 61.251512706411326
1 16 68.41838289807728
1 17 82.31958825247628
1 18 77.54992882150118
1 19 196.1920623779297
1 20 102.4303357805525
1 21 43.95633611961847
1 22 92.91872676414779
1 23 84.0340795956368
1 24 31.20627159374976
1 25 72.12942831762906
1 26 39.55109027012433
1 27 105.5757922747277
1 28 139.4300603866577
1 29 122.21622924804691
1 30 71.83242401422237
1 31 159.1940155029297
1 33 69.43052384660051
1 34 132.4376826816135
1 35 81.8638812131102
1 36 64.20409402586407
1 37 66.52908489669579
1 38 113.3812259327282
1 39 120.62777270300909
1 40 115.67648887634279
1 41 54.044168158813754
1 42 94.37249227966923
1 43 100.87369766235349
1 44 97.44360007702463
1 45 102.75180010114401
1 46 127.5748943752713
1 48 73.60968647832456
1 50 32.591279094035805
1 51 89.73173044598292
1 55 159.79697963169642
1 57 131.95582689557762
1 58 175.60219828287757
1 59 105.2188353538513
1 61 98.5925794587518
1 62 191.4662628173828
1 64 153.759535047743
1 65 94.64013652801512
1 66 138.009398324149
1 67 103.07496378971979
1 68 199.8940277099609
1 69 161.30082194010419
1 70 66.11190654681279
1 71 128.52742510708902
1 72 160.4795976257324
1 73 83.30300362904865
1 74 118.3173356648364
1 75 89.27399211531286
1 76 176.27583412502116
1 77 181.7762145996094
1 78 155.1471621195475
1 79 120.8168699620134
1 81 180.8430633544922
1 82 121.1811990737915
1 83 165.9796439276801
2 2 19.26185602412078
2 3 214.62300567626949
2 4 177.83771667480468
2 5 144.3363869312979
2 6 111.2502191004914
2 7 133.5498320664032
2 8 180.70343716939288
2 9 166.71211477426382
2 10 130.830369398329
2 11 198.9746029828046
2 12 165.7984008789062
2 13 129.181510324907
2 14 176.13612874348962
2 15 113.99888878899651
2 16 40.64777369369303
2 17 125.0770439147949
2 18 68.88174604965468
2 19 202.016109890408
2 20 72.76236354089521
2 21 111.0753000047472
2 22 38.96815197514118
2 23 126.29322219848629
2 24 103.6457080841064
2 25 42.23380988109109
2 26 42.89742246097114
2 27 114.0649670694749
2 28 143.746488771049
2 29 100.97623318071942
2 30 116.1172885894775
2 31 184.20367431640616
2 32 119.6112413406372
2 33 94.7047679174514
2 34 148.92215316597068
2 35 86.48317091872433
2 36 44.281745585672795
2 37 76.75902793812934
2 38 115.7379078251301
2 39 116.5168444567388
2 40 114.74923706054692
2 41 160.6056976318359
2 42 117.3093615486508
2 43 86.87709209943628
2 44 116.64468476482641
2 45 116.64378630497542
2 46 141.9077900157255
2 47 177.3087043762207
2 49 169.6160648890904
2 50 74.32939110594616
2 51 100.79027622042808
2 55 166.2947371910358
2 56 202.53013904278092
2 57 152.8593665675113
2 59 161.1759948730469
2 61 172.7026926676432
2 62 189.9318991440993
2 63 162.41451263427732
2 64 138.63562589311329
2 65 120.71531586898001
2 66 153.7690912882487
2 67 143.6763612070391
2 69 153.5251885510366
2 70 93.37145440310043
2 71 117.91424250480459
2 72 163.3501590260288
2 73 114.08664131164551
2 74 124.29225624557091
2 75 103.432977096604
2 76 175.30754578788319
2 77 182.64672029935397
2 78 167.7749516860299
2 79 173.7277488708496
2 82 145.3354379990521
2 83 174.18312802522078
3 3 17.74995687981062
3 4 111.090529039171
3 5 88.23057973435156
3 6 107.9582338107852
3 7 126.17628661971291
3 8 69.36704287809485
3 9 37.89836627410702
3 10 165.40577750370417
3 11 42.73014266167275
3 12 122.36735110812721
3 13 132.2501117830587
3 14 80.69762572515579
3 15 221.65240478515616
3 16 210.4844534737723
3 17 172.62762216421268
3 18 180.7894546508789
3 19 16.37357481446653
3 20 205.7347717285156
3 21 117.7128021240234
3 22 205.72211608886718
3 23 48.075615476538275
3 25 185.83807046072818
3 26 182.10493905203683
3 27 31.02402515936706
3 28 129.3457202313254
3 29 171.0891532897949
3 31 135.8300265608163
3 32 103.9246608189174
3 33 122.2580977267906
3 34 154.181593577067
3 35 102.8740552214003
3 36 216.4518493652344
3 37 112.7963894778078
3 38 110.13643731011291
3 39 82.31966932678223
3 40 113.3867467244466
3 41 146.9584808349609
3 42 181.04063227405294
3 44 182.99506912231442
3 45 187.38385009765616
3 46 129.3434375430539
3 47 199.59027099609384
3 49 228.2942047119141
3 50 183.1869354248047
3 52 159.9877174109743
3 53 168.5492797851562
3 54 175.3841092165779
3 55 165.7803720746722
3 56 196.5652393159412
3 57 107.3886118102492
3 58 167.39055018824791
3 59 230.5849151611328
3 60 145.2286222451906
3 62 200.40994104845768
3 63 154.9885725541548
3 64 212.2545318603516
3 66 234.9586486816406
3 68 149.64951644509532
3 69 174.6945037841797
3 70 151.7552223205566
3 72 136.53740895328693
3 74 240.4324035644531
3 75 210.04520670572919
3 76 161.69068731464682
3 77 200.8439364046664
3 78 188.6439437866211
3 80 209.60892595563618
3 81 193.66477584838867
3 82 185.7769567871094
3 83 223.498046875
4 4 9.405124779428757
4 5 52.224787806742114
4 6 125.5497032614315
4 7 107.18726261683871
4 8 61.02771856519911
4 9 118.8533436543233
4 10 124.82834434509279
4 11 92.33286600357448
4 12 121.8980542182922
4 13 149.7760305404663
4 14 27.84574969242619
4 15 169.802001953125
4 17 75.49276733398438
4 19 92.07230678357577
4 20 139.925666809082
4 21 102.6681553767278
4 22 162.2255462646484
4 23 96.121414474819
4 24 169.1292633056641
4 25 181.13675689697268
4 26 176.9370346069336
4 27 126.1457556866585
4 28 109.94880004551099
4 29 148.4131927490234
4 30 193.0051422119141
4 31 12.21463894390788
4 33 8.594386875175813
4 34 64.92040519644745
4 35 93.50808314788037
4 36 170.2520446777344
4 37 112.34638186863491
4 38 99.41739311218262
4 39 25.08187208432841
4 40 13.41788903568261
4 41 53.27806091308594
4 42 140.5347583770752
4 43 60.28459548950195
4 44 164.9454854329427
4 45 88.43750864664713
4 46 91.08776990572613
4 47 200.49688720703116
4 51 230.64697265625
4 52 195.7932815551758
4 53 37.95748988787333
4 54 148.1806182861328
4 56 165.3602447509766
4 57 108.0191218058268
4 58 187.70337746360082
4 60 146.1301422119141
4 61 236.71722412109384
4 62 200.6075592041016
4 63 47.86141380896935
4 64 161.5050346374512
4 68 148.52490520477292
4 69 149.4688550508939
4 70 113.4095840454102
4 71 155.46188027518141
4 72 152.6616400013799
4 74 163.0089141845703
4 75 172.7042524549696
4 76 175.44683275724708
4 77 234.6311340332031
4 78 186.7090301513672
4 79 245.0405578613281
4 82 186.87506103515616
4 83 88.4147675396645
5 5 24.29704366155653
5 6 75.21413820257257
5 7 46.01765890338993
5 8 77.49235474959664
5 9 46.74051887996548
5 10 145.30354855855302
5 11 43.50313164293479
5 12 97.05234470652113
5 13 119.2662636225842
5 14 36.89362624685872
5 15 201.4120178222656
5 16 159.53242583967682
5 17 159.0986476225011
5 18 180.8413112095424
5 19 83.19729796132133
5 20 131.5334848930331
5 21 114.4328045315213
5 22 138.9510255951242
5 23 96.11452781665669
5 24 180.90336354573571
5 25 166.0974321389999
5 26 176.36474027866268
5 27 90.50967405602712
5 28 131.1162052024079
5 29 132.39751529101258
5 30 137.442325592041
5 31 83.59350712043195
5 32 148.03144612031818
5 33 120.81547774890859
5 34 178.4310486316681
5 35 109.5091766797579
5 36 142.9460433866919
5 37 117.3458669683435
5 38 109.12815079322229
5 39 43.26247847875446
5 40 30.237219417998944
5 41 109.56640815734859
5 42 192.55244124563117
5 43 165.2294593224159
5 44 160.73326587677
5 45 135.0268230438232
5 46 122.5886422616464
5 47 169.1419448852539
5 48 77.87418147495815
5 50 187.80597305297852
5 51 215.503178914388
5 52 173.11812845865882
5 53 147.8958892822266
5 54 183.4984461466471
5 55 182.5037536621094
5 56 193.02653884887698
5 57 118.3090890248616
5 58 172.85864365521599
5 59 199.0847015380859
5 60 140.0286214351654
5 62 214.84335763113842
5 63 152.7740726470947
5 64 182.4033203125
5 68 172.01470293317522
5 69 191.5603417290582
5 70 147.2267532348633
5 71 203.30403594970699
5 72 172.3607794141012
5 74 222.9429880777995
5 75 206.1900623600658
5 76 174.60630123172191
5 77 199.83918304443358
5 80 214.13504791259768
5 82 167.2521499633789
5 83 224.6044209798177
6 6 26.246658057667798
6 7 72.85051591952565
6 8 99.02487965287834
6 9 42.67829005086558
6 10 159.52613156340843
6 11 129.0591106774672
6 12 125.8983040351372
6 13 68.35243908541288
6 14 107.3499676668191
6 15 125.0447940826416
6 16 140.5497977049454
6 17 175.9438502720424
6 18 166.9216075571933
6 19 158.41386444091802
6 20 87.11622527886847
6 21 90.73605346679688
6 22 100.39997605066259
6 23 82.82787538505923
6 24 209.9848403930664
6 25 136.5283827325504
6 26 141.2501497785622
6 27 48.36704662438917
6 28 91.31831882666194
6 29 45.979943080819396
6 30 154.8101348876953
6 31 138.69514958063758
6 32 99.106006936466
6 33 108.34852402807259
6 34 151.16171744375518
6 35 89.77983072018522
6 36 102.7765092773437
6 37 99.62782767324735
6 38 95.5781140107018
6 39 88.32315548248043
6 40 109.51004528177201
6 41 132.6835606892904
6 42 162.1465974465395
6 43 165.2245893478394
6 44 168.6526655114215
6 45 170.7867012023926
6 46 163.1452611287435
6 47 180.8495788574219
6 48 177.5755844116211
6 49 173.6365623474121
6 50 159.1369467841254
6 51 179.43744493567434
6 52 162.0555555555555
6 53 160.0310363769531
6 54 175.9441823323568
6 55 162.62796512726808
6 56 181.34586558622468
6 57 106.5344770643446
6 58 172.3837167913263
6 59 185.6134796142578
6 60 154.9216079711914
6 62 171.97610204360058
6 63 158.23226165771482
6 64 140.9671238002493
6 65 193.4507548014323
6 67 207.7321929931641
6 68 169.57694702148441
6 69 149.3238396798411
6 70 101.05066415537961
6 71 171.91305339336398
6 72 143.2121917396967
6 73 234.3332366943359
6 74 208.2098236083984
6 75 179.8277862830096
6 76 156.0662996906879
6 77 180.5842534507193
6 78 167.99199003331802
6 81 159.049222946167
6 82 171.63567954615542
6 83 196.43963230678008
7 7 32.70301609778934
7 8 107.2630151112874
7 9 65.0975242435051
7 10 118.47106720419491
7 11 103.8283605150573
7 12 67.31899359999903
7 13 48.20362360349927
7 14 77.31899302555965
7 15 166.0855178833008
7 16 144.1189626309427
7 17 146.5940891901652
7 18 156.83107237382367
7 19 109.0890238080706
7 20 121.1122425824048
7 21 146.8987019856771
7 22 126.95790433275681
7 23 116.6242357162641
7 25 156.5171078888226
7 26 163.9928630096744
7 27 103.8257431667158
7 28 116.58575644951271
7 29 103.89869894648899
7 30 116.10620880126949
7 31 82.93151415525561
7 32 137.2613569560804
7 33 104.6850397569074
7 34 160.9227043358055
7 35 101.12244621300671
7 36 135.8536353126309
7 37 112.87207928919621
7 38 93.59375769631905
7 39 60.069847236121426
7 40 34.691787710093486
7 41 76.27031946182252
7 42 177.2376675415039
7 43 155.8121450087604
7 44 164.1871915122335
7 45 168.5968052257191
7 46 173.7111272458677
7 47 139.084971110026
7 48 86.4341360238882
7 49 239.29241943359384
7 50 183.16896226671008
7 51 198.9778709411621
7 52 193.86812700544084
7 53 175.119499206543
7 54 207.0780563354492
7 55 191.7628425598145
7 56 194.6801528930664
7 57 121.6901907487349
7 58 199.5431611434273
7 59 220.7725067138672
7 60 199.90707736545139
7 61 237.8481597900391
7 62 196.83868747287332
7 63 181.31313069661462
7 64 176.6280575920554
7 65 204.9436594645182
7 67 216.8080825805664
7 68 183.2837646484375
7 69 170.3164560000102
7 70 175.49448098076718
7 71 200.109729066187
7 72 159.1769877842494
7 73 230.1596832275391
7 74 216.6361185709635
7 75 199.5548023511005
7 76 174.04663522445148
7 77 189.22984008789058
7 78 161.65115051269532
7 80 220.9479904174805
7 81 179.5243922642299
7 82 160.5127370733964
7 83 219.2165854317801
8 8 14.146903054919212
8 9 90.32958103281209
8 10 147.9234984024711
8 11 54.50368344579604
8 12 133.3553271749745
8 13 116.9858806858892
8 14 30.557905262166802
8 15 134.65356463920781
8 16 143.1631541252136
8 17 181.95734977722168
8 18 152.3378381729126
8 19 53.817992650298564
8 20 144.5492078993055
8 21 31.96171011674376
8 22 149.61369154188367
8 23 34.968678674763034
8 24 109.24331128657771
8 25 139.2660147402467
8 26 117.175962709597
8 27 72.15753774931936
8 28 99.46179654576756
8 29 68.92827462742471
8 30 148.5095426119291
8 31 118.47130693708151
8 32 76.08384755452474
8 33 112.1291514738106
8 34 146.2680740356445
8 35 93.1631836922753
8 36 131.4439938739665
8 37 106.0703425305955
8 38 87.2341696216214
8 39 49.420109909800345
8 40 130.1953163146973
8 41 128.5042102520283
8 42 115.7966523170471
8 43 140.3783123833793
8 44 136.9217447134165
8 45 151.8012396005484
8 46 109.06840881934531
8 47 154.56478373209632
8 48 156.9798599243164
8 49 170.3426208496094
8 50 134.1901874542236
8 51 175.7975645065308
8 52 94.33321722622576
8 53 104.16683101654051
8 54 131.78306697976998
8 55 138.63586605296422
8 56 155.2621002197266
8 57 34.15076061298973
8 58 119.91108469281879
8 59 170.1941833496094
8 60 81.92908511161805
8 61 167.4322714321855
8 62 143.4266388633035
8 63 109.93120288848878
8 64 101.50746534472309
8 65 217.1097412109375
8 66 198.3979400634766
8 67 140.9504852294922
8 68 97.87525633107063
8 69 107.513595978419
8 70 48.863724977222844
8 71 118.8464880184251
8 72 87.91816025489084
8 73 146.1243881225586
8 74 194.6515897115072
8 75 186.5727998540642
8 76 113.6012413054134
8 77 146.1347045898438
8 78 126.1560187706581
8 79 195.3449647691515
8 80 120.4537734985352
8 81 116.63778877258301
8 82 122.0163069831
8 83 183.25266876220698
9 9 26.404715902747633
9 10 160.8062587667395
9 11 42.89116271951259
9 12 130.433467291539
9 13 107.7084439218793
9 14 100.5938948665757
9 15 164.6737327575684
9 16 203.42688907485407
9 17 176.9963631931739
9 18 189.3160700212445
9 19 26.680098772496162
9 20 169.1124509767045
9 21 129.6255577935113
9 22 176.70415173864066
9 23 92.36652036283002
9 24 173.79629007975257
9 25 180.3723726272583
9 26 181.5565802345813
9 27 54.18711123316681
9 28 125.810902316278
9 29 158.8417336277708
9 30 194.0867156982422
9 31 140.581293630076
9 32 136.6884323120117
9 33 118.6386065230892
9 34 163.30854264126032
9 35 103.4606016657155
9 36 166.29848656287558
9 37 110.74880961102501
9 38 109.8643841131547
9 39 100.16145188808441
9 40 115.1964677092317
9 41 163.510400390625
9 42 183.5745803169582
9 43 170.2972183227539
9 44 185.058120267937
9 45 181.77183074951168
9 46 144.9924798597369
9 47 194.83744673295448
9 48 150.7608222961426
9 50 199.0576171875
9 51 195.2465159098307
9 52 168.373218433277
9 53 172.6320680890765
9 54 184.1187053104099
9 55 175.0350189208984
9 56 194.40724895846458
9 57 138.0221321469261
9 58 174.80276032448668
9 59 222.35957845052081
9 60 158.55965997339268
9 61 239.482421875
9 62 207.745268758138
9 63 164.8440243647649
9 64 209.3777008056641
9 68 160.49725522898657
9 69 189.3045387268066
9 70 197.5643005371094
9 71 194.1090157248757
9 72 148.69710616447668
9 73 244.6855773925781
9 74 239.9939473470052
9 75 203.2299227714539
9 76 169.311072520327
9 77 206.91522585961133
9 78 199.2251235961914
9 80 203.2730827331543
9 81 186.50418962751118
9 82 196.9157786649816
9 83 211.2571395874023
10 10 18.09902196331293
10 11 147.9094444882553
10 12 32.288375856555426
10 13 103.90738741556801
10 14 136.3271466768705
10 15 121.9166620042589
10 16 56.29996559581654
10 17 30.219968145421017
10 18 27.07019265490007
10 19 154.40865359099018
10 20 123.3304597069235
10 21 105.8822053054283
10 22 110.44269652750299
10 23 156.2292767173365
10 24 31.0331297675095
10 25 38.74356827585525
10 26 91.40229745050793
10 27 164.90556417192732
10 28 86.44794959806454
10 29 128.4249225963246
10 30 54.12483780558517
10 31 82.53806614875793
10 32 149.2393086751302
10 33 26.00710252836288
10 34 136.6994705200195
10 35 88.46275545353264
10 36 37.85114118025909
10 37 36.34223893423423
10 38 53.89231631490919
10 39 87.88114887857672
10 40 78.72288703918456
10 41 31.82855726649343
10 42 203.7204962158203
10 43 61.089902332850855
10 44 101.6631885256086
10 45 141.2986145019531
10 46 207.1615210639106
10 48 39.858636894611394
10 49 201.4373931884766
10 50 97.11818432807922
10 51 129.2458374023437
10 52 240.49090576171884
10 54 234.5894317626953
10 55 211.5492451985677
10 57 178.0165943346526
10 59 68.01492237139352
10 61 80.74489773062123
10 62 121.89865112304692
10 63 208.4199295043945
10 64 223.64664459228518
10 65 168.34810892740882
10 66 97.92514147077287
10 67 124.5923309326172
10 68 244.6306304931641
10 69 203.9028625488281
10 70 139.0289878845215
10 71 205.69146728515616
10 72 197.308103288923
10 73 63.576455752054855
10 74 114.0453368822734
10 75 116.50133110633259
10 76 217.62087860107417
10 77 209.41402689615882
10 79 105.86559565862021
10 80 105.3835067749023
10 82 100.92188941107858
10 83 174.4160079956055
11 11 19.60824981731415
11 12 112.71475816752809
11 13 121.9386465466712
11 14 55.58127515565235
11 16 210.0295883178711
11 17 167.6166732541977
11 18 173.06390466582909
11 19 25.921860961492552
11 20 190.00309588458092
11 21 106.9638679504395
11 22 199.70315386301058
11 23 50.9617943370546
11 24 161.7713043212891
11 25 183.9326512762841
11 26 163.38867266037892
11 27 87.84174944894907
11 28 122.8044789838501
11 29 175.1225424373851
11 31 125.223311777865
11 32 178.4094486236572
11 33 114.019593993077
11 34 158.6169824453501
11 35 106.7563330049296
11 36 160.0572300663701
11 37 107.06072654724122
11 38 107.0303467151731
11 39 73.00798380992573
11 40 109.23179266385941
11 41 130.8457531738281
11 42 195.1423318481445
11 43 143.06328201293948
11 44 175.56349355524242
11 45 179.6901893615723
11 46 110.5992267315204
11 47 170.251589457194
11 48 142.7683296203613
11 50 162.6591644287109
11 52 152.7662230111211
11 53 152.3616142272949
11 54 163.9361641378964
11 55 174.2298335322627
11 56 194.79100714789502
11 57 104.68862640025999
11 58 163.5226936145705
11 59 192.32771737234933
11 60 133.58792460406272
11 61 190.29221598307288
11 62 198.1934585571289
11 63 127.53262138366699
11 64 164.7146708170573
11 68 144.75972036713532
11 69 161.3231344223022
11 70 111.4132461547852
11 71 171.5046920776367
11 72 141.3380051399897
11 73 157.8592071533203
11 74 205.0927886962891
11 75 229.40716171264648
11 76 163.38269561657802
11 77 200.7303230979226
11 78 179.2403411865234
11 80 197.9037958780924
11 81 168.1517486572266
11 82 171.466977926401
11 83 190.30987548828116
12 12 17.1940848386451
12 13 67.94488904971888
12 14 140.4760285483466
12 15 133.64292017618808
12 16 151.06695992606032
12 17 65.58099716999493
12 18 117.22244987487791
12 19 112.6179380745723
12 20 166.46354217529301
12 21 97.17352128606356
12 22 146.3246115482215
12 23 138.5385785859207
12 24 26.0469425870935
12 25 76.93488547133558
12 26 43.21534216979378
12 27 135.171374471564
12 28 60.36191376723812
12 29 130.69574686686198
12 30 35.08822686000935
12 31 48.319599371305934
12 32 172.6784210205078
12 33 18.80692910917237
12 34 81.29095580361106
12 35 33.796888970019175
12 36 45.89651922666252
12 37 28.415706052336578
12 38 14.53446230426707
12 39 50.5293731159634
12 40 11.30332359602285
12 41 27.39961007178669
12 42 105.7239728693692
12 43 53.34807681907425
12 44 56.45449555412171
12 45 40.85963850021362
12 46 107.3372252782186
12 47 36.696342032296315
12 48 36.099249406217254
12 50 91.35057735443115
12 51 197.7479248046875
12 53 211.1054229736328
12 54 180.34014511108398
12 55 166.07930898666382
12 56 75.6121244430542
12 57 162.7011675834656
12 58 161.3168763660249
12 59 68.4982631852474
12 60 144.9476852416992
12 61 79.05982469865761
12 62 104.5062581380208
12 63 161.9965782165527
12 64 186.2439727783203
12 65 160.1223297119141
12 66 110.6358804248628
12 67 134.68628215789792
12 68 146.6166229248047
12 69 144.9802436828613
12 70 144.1946434020996
12 71 166.5215301513672
12 72 166.64533778599332
12 73 54.439816912868
12 74 116.4170564923968
12 75 116.81090878172421
12 76 175.34127934773758
12 77 164.8450970649719
12 79 106.8716543626416
12 80 85.99248275756834
12 82 63.385865220156575
12 83 117.2514591217041
13 13 34.4960858431956
13 14 108.7115845680237
13 15 160.6045088995071
13 16 133.2093352924017
13 17 126.34632714240108
13 18 146.9757585930102
13 19 123.1286510875207
13 20 116.36746801891769
13 21 114.03841159218241
13 22 123.0471072277598
13 23 131.065103804785
13 24 195.6903737386068
13 25 153.52827129898782
13 26 166.1802927153116
13 27 121.39461159327921
13 28 57.44764714426544
13 29 87.23334422817156
13 30 117.6476707458496
13 31 63.30918548376329
13 32 132.3251593453544
13 33 85.07615450675914
13 34 153.18900768573468
13 35 101.60914902074379
13 36 134.7843308241471
13 37 103.5992161214352
13 38 93.09935627117024
13 39 77.42513071108556
13 40 47.665792918596104
13 41 76.11197814941406
13 42 182.4390357624401
13 43 165.9952121310764
13 44 164.14405992296008
13 45 161.47330474853518
13 46 182.91461739889
13 47 161.58288478851318
13 48 83.38673400878906
13 49 218.7983703613281
13 50 192.07351248604908
13 51 194.8778285980225
13 52 210.04120091029583
13 53 214.3249359130859
13 54 212.1964450412326
13 55 181.2933301058683
13 56 209.5796308517456
13 57 133.01605298442232
13 58 214.6913057524582
13 59 134.30900573730472
13 60 204.32239023844397
13 61 208.458251953125
13 62 195.44113248937268
13 63 168.43022537231448
13 64 181.289155847886
13 65 210.0520935058594
13 68 202.9278594970703
13 69 176.32922204335534
13 70 155.14435690420652
13 71 193.58844375610352
13 72 167.48950481414792
13 73 229.1136322021484
13 74 217.2574596405029
13 75 197.24799647177417
13 76 181.83941848307967
13 77 194.6119257609049
13 78 181.0463317871094
13 81 198.6780128479004
13 82 169.6503456115723
13 83 214.87037099202468
14 14 13.173059333919133
14 15 108.068712143671
14 16 166.2970247268677
14 17 124.32706832885741
14 18 152.55343119303382
14 19 69.9290749654174
14 20 90.96947303185095
14 21 74.21708770471116
14 22 97.77048198154995
14 23 65.91636337998267
14 24 143.6884001062271
14 25 174.45377349853518
14 26 149.6192420703262
14 27 104.1577758373292
14 28 120.21862309249408
14 29 101.5934618436373
14 30 157.2831268310547
14 31 58.72401677478444
14 32 129.81956154959542
14 33 119.33487930297849
14 34 74.02066347891824
14 35 121.31877213019828
14 36 119.8238657171076
14 37 95.54845811403715
14 38 44.98674823926843
14 39 25.33733976052497
14 40 51.030245739480726
14 41 160.6895014444987
14 42 149.0664341449738
14 43 147.3412103652954
14 44 155.9991371400895
14 45 137.7470138549805
14 46 117.3171659770765
14 48 160.7355194091797
14 50 188.1892598470052
14 51 189.39444986979169
14 52 164.5404787930575
14 53 112.565975189209
14 54 172.80128420316257
14 55 169.8634992327009
14 56 205.9561462402344
14 57 92.53180378880992
14 58 174.9558496678129
14 59 183.2911834716797
14 60 148.67381785466117
14 61 200.86720784505212
14 62 179.2195129394531
14 63 90.9389778137207
14 64 128.33661132163192
14 65 246.244384765625
14 66 168.5764007568359
14 68 151.96930870643033
14 69 131.30748612540108
14 70 75.40012389735172
14 71 136.72993927001949
14 72 138.3563302847055
14 73 198.46539306640616
14 74 228.94158935546884
14 75 214.8748995463053
14 76 152.5607949334222
14 77 166.98003302680118
14 78 147.32132466634118
14 79 224.84829203287757
14 80 203.3694915771484
14 81 180.1446838378906
14 82 183.94795735677081
14 83 94.7215793903057
15 15 18.42068858093381
15 16 104.9752570751102
15 17 127.52805233001709
15 18 123.0422504191496
15 19 175.3160095214844
15 20 29.812223281425837
15 21 36.7184723166546
15 22 35.280573757401825
15 23 50.299916118206355
15 24 98.6408426621381
15 25 117.3443353176117
15 26 43.48421215175839
15 27 36.008191687499476
15 28 109.4792872111003
15 29 91.22316049194336
15 30 230.6467742919922
15 32 80.54144838121202
15 33 87.80249195472868
15 34 144.0755360921224
15 35 76.33326764060153
15 36 64.2655724093696
15 37 76.13717549451755
15 38 84.39911835121386
15 39 89.1679215649946
15 40 102.66363525390621
15 41 134.38056945800778
15 42 129.5197928995581
15 43 108.7026292134107
15 44 134.5812942385674
15 45 131.056308173145
15 46 155.834290897145
15 47 187.8035659790039
15 49 192.19683837890616
15 50 89.58602930704754
15 51 131.8426001801783
15 53 153.4163208007812
15 54 196.40850830078116
15 55 160.14270218558931
15 56 184.9604703463041
15 57 110.6963723098175
15 58 191.8755645751953
15 59 194.5903778076172
15 61 202.6650695800781
15 62 181.0535736083984
15 63 143.45836989084881
15 64 108.7986987119465
15 65 157.30917200548902
15 66 184.233642578125
15 67 179.88512573242193
15 68 150.9681396484375
15 69 124.59643358172791
15 70 61.99739000740698
15 71 115.4386357599318
15 72 115.02400100950209
15 73 165.0337448120117
15 74 161.0109237670898
15 75 110.15823992739028
15 76 135.4956194460392
15 77 161.2963331173628
15 78 129.1558546080206
15 79 187.1266937255859
15 80 208.1293640136719
15 81 168.1156511306763
15 82 157.534557723999
15 83 176.00801634452708
16 16 21.32960205761794
16 17 63.27862649703097
16 18 38.8268307659497
16 19 204.0147725423177
16 20 83.79324327755103
16 21 110.40287438754379
16 22 49.14988904305148
16 23 139.1746698834294
16 24 92.65736961364746
16 25 53.613903151724635
16 26 74.72937121603
16 27 126.44665691683291
16 28 118.96895959269459
16 29 89.53898159731098
16 30 131.3739013671875
16 31 186.0136642456055
16 32 101.54798141633621
16 33 35.292626786448864
16 34 166.3203776966442
16 35 104.0641450774198
16 36 57.52265049249167
16 37 59.05942702808841
16 38 103.80811096450029
16 39 132.9269856718398
16 40 143.0498377482096
16 42 139.38236962295161
16 43 108.1487941336125
16 44 134.38244822055478
16 45 140.5667081086532
16 46 143.2359826224191
16 47 191.15775299072268
16 49 199.335205078125
16 50 81.36787272366611
16 51 116.18139134920558
16 54 242.1469879150391
16 55 193.2153244018555
16 56 206.4625015258789
16 57 164.9739619663783
16 59 200.71484375
16 61 213.1774749755859
16 62 210.0157585144043
16 63 185.6999969482422
16 64 161.5526439319957
16 65 133.5314683180589
16 66 169.2441711425781
16 67 143.9374263286591
16 69 176.48004060633042
16 70 123.74804168701169
16 71 155.0401410057431
16 72 188.91045608520508
16 73 114.3508154062124
16 74 124.6294666003155
16 75 123.191780704997
16 76 204.95388717651366
16 77 214.78129141671317
16 78 181.4655617607964
16 79 163.3611106872559
16 81 173.8808441162109
16 82 156.1991958618164
16 83 189.0725326538086
17 17 20.63023507999002
17 18 27.369988718002443
17 19 172.0169994647686
17 20 130.76681450435092
17 21 129.64131927490232
17 22 121.0696837447072
17 23 173.71616855197482
17 24 52.322567186857526
17 25 37.40099064314548
17 26 88.50543660664475
17 27 179.9675040151559
17 28 101.70555192935541
17 29 145.8135211342259
17 30 65.48047756839108
17 31 91.5305404663086
17 32 113.8412063598633
17 33 49.66520724878078
17 34 141.4623870849609
17 35 86.97082833595648
17 36 49.64639550463191
17 37 47.9602474334265
17 38 61.42091796875
17 39 104.0957230598696
17 41 50.059346454899476
17 42 173.667601776123
17 43 97.77808832384876
17 44 155.6638711782602
17 45 163.7280578613281
17 46 198.76526489257807
17 48 163.7059834798177
17 50 127.7153472900391
17 51 163.5978720528739
17 57 225.0040740966797
17 59 103.7261455370032
17 61 99.75218801498413
17 64 212.8307037353516
17 65 168.3338623046875
17 66 110.32097121207941
17 67 130.2588847233699
17 69 218.83462015787757
17 70 196.1902389526367
17 71 173.3739929199219
17 72 215.4886747087751
17 73 91.8898362918776
17 74 109.7455033746384
17 75 119.2160893163502
17 76 218.4764338902065
17 77 240.9140319824219
17 78 180.0641326904297
17 79 113.30459062023279
17 82 130.75565338134768
17 83 166.514309276234
18 18 21.806036196421218
18 19 184.1565500895182
18 20 112.42187684913509
18 21 125.6873150993796
18 22 99.5906749274444
18 23 157.9366228827115
18 24 63.92954441857717
18 25 46.50938580045992
18 26 88.47389194056694
18 27 146.8441350079965
18 28 124.0829920822315
18 29 108.757857834552
18 30 116.98460284146401
18 31 108.50097220284599
18 32 130.5151533399309
18 33 42.23954007237819
18 34 150.46907506223582
18 35 90.11012105919085
18 36 59.2413099682421
18 37 52.030075555352056
18 38 82.54839260547193
18 39 119.21365402966009
18 40 119.5072072347005
18 41 94.9725341796875
18 42 157.1516203629343
18 43 108.36174530141491
18 44 141.7459892604662
18 45 150.00480143229169
18 46 199.37238202776228
18 48 119.1592864990234
18 50 89.17240016937257
18 51 136.0147012149586
18 55 222.0126444498698
18 56 231.6591339111328
18 57 195.5608024597168
18 58 241.5706024169922
18 59 119.2928924560547
18 60 231.5084075927734
18 61 122.5154562730056
18 62 206.6159973144531
18 64 185.4722993638781
18 65 138.3504252433777
18 66 131.8859675480769
18 67 132.07307619661898
18 69 201.1421890258789
18 70 129.7775344848633
18 71 167.73611903834993
18 72 212.69496957879318
18 73 85.49866058866857
18 74 120.75058581860029
18 75 126.33466983089329
18 76 215.40668402777783
18 77 220.79286702473962
18 78 197.27783813476557
18 79 140.521997812632
18 80 209.1543273925781
18 82 135.32170382413
18 83 175.0051151622425
19 19 14.39990963571943
19 20 198.7137714732777
19 21 96.77024841308594
19 22 203.031867980957
19 23 57.800399012238024
19 24 146.7842559814453
19 25 187.77823747907368
19 26 179.5117263793945
19 27 57.367845076980714
19 28 123.5507135860256
19 29 172.2109061021071
19 31 127.41731065319429
19 33 109.0110687017441
19 34 162.7589199066162
19 35 97.44081199222776
19 36 151.05245780944819
19 37 104.4218219689818
19 38 111.0671840243869
19 39 77.54326227777882
19 40 106.2168200948964
19 41 118.26493453979491
19 42 169.4693737030029
19 44 173.1118986840342
19 45 156.1963348388672
19 46 118.5928292738653
19 47 206.55472564697268
19 48 184.7459678649902
19 50 211.801513671875
19 52 154.79914654572
19 53 155.5460166931152
19 54 166.38447822012552
19 55 167.89121161566842
19 56 183.84902886783382
19 57 116.13747490776909
19 58 161.3575086387205
19 59 209.2278823852539
19 60 142.5346877154182
19 61 212.82769775390616
19 62 189.53670671251092
19 63 163.06024714878632
19 68 143.5968826815613
19 69 183.6535873413086
19 70 169.3350982666016
19 72 138.10393454614191
19 75 239.9283447265625
19 76 160.00688896494458
19 77 197.06073985380291
19 78 214.23740132649743
19 80 213.3668212890625
19 81 182.8979187011719
19 82 181.74495697021482
19 83 198.2056999206543
20 20 21.4022829149462
20 21 70.44580626256256
20 22 42.2640164868961
20 23 118.7665424000832
20 24 154.93323974609382
20 25 106.7347438777889
20 26 88.76359452573483
20 27 40.564788414681075
20 28 105.0745356481618
20 29 38.133994259505684
20 31 165.67679214477542
20 32 76.33782968288514
20 33 53.04677328858619
20 34 131.228212896383
20 35 70.39995962001231
20 36 61.658477177552136
20 37 67.12460051149394
20 38 76.89917684686928
20 39 84.90512188975833
20 40 99.51290766398114
20 41 158.4112854003906
20 42 149.0282881055559
20 43 120.5779215754295
20 44 158.86635499842032
20 45 153.0850258652045
20 46 175.7838857014974
20 47 136.10600280761722
20 48 167.9764251708984
20 50 146.90579741341733
20 51 157.7170209884644
20 53 162.59272087944882
20 54 186.0793762207031
20 55 166.7656289462386
20 56 192.13897535536017
20 57 116.7779142206365
20 58 186.3700485229492
20 59 247.9616241455078
20 60 122.2783432006836
20 61 232.9090270996094
20 62 185.0288543701172
20 63 152.9834834507533
20 64 122.7171515370213
20 65 175.24383544921884
20 66 212.9742431640625
20 67 200.846934000651
20 69 130.2285098138257
20 70 82.40411759930637
20 71 132.2271453719049
20 72 124.7043339238506
20 74 190.26107311248782
20 75 142.6880413527034
20 76 145.58263423141918
20 77 152.6788203959562
20 78 130.51741151313558
20 79 232.6675720214844
20 81 128.8652354649135
20 82 155.87117195129392
20 83 172.8990907758196
21 21 18.11054095846036
21 22 64.71672643529307
21 23 44.54471260128901
21 24 73.86442705584345
21 25 113.3632672753665
21 26 65.05792261023825
21 27 70.60149026191098
21 28 99.7444425655317
21 29 72.86299681156241
21 30 108.76949035644529
21 31 115.77569580078121
21 32 68.75305909376878
21 33 103.7039119906542
21 34 158.1782817840576
21 35 97.01555794477464
21 36 98.65391782374165
21 37 102.13212709762041
21 38 89.09117568969727
21 39 85.19234779645812
21 40 115.9523468017578
21 41 91.53365071614584
21 42 121.5794683098793
21 43 111.4995094987213
21 44 141.5733111021949
21 45 141.98907194466432
21 46 144.7714195251465
21 48 114.48162794113159
21 49 155.5339584350586
21 50 92.3820281515316
21 51 131.2972370910645
21 52 186.5199203491211
21 54 170.0255126953125
21 55 147.6045880998884
21 56 183.6144561767578
21 57 45.4090207657724
21 58 163.1234029134115
21 59 152.7953510284424
21 60 159.006093343099
21 61 136.65102257599702
21 62 173.90729086739682
21 63 143.91019439697268
21 64 85.8490147019115
21 65 144.7745456695557
21 66 176.9414978027344
21 67 189.4464162190755
21 68 141.2870407104492
21 69 100.9159600304775
21 70 26.99246188630203
21 71 97.89757571013078
21 72 88.08274504562904
21 73 103.0849177042643
21 74 160.651984128085
21 75 118.25605752733021
21 76 116.87733770876508
21 77 138.6626583862305
21 78 96.829185962677
21 79 159.6116411481585
21 80 215.9149169921875
21 81 124.3509368896484
21 82 109.50602086385089
21 83 194.66374397277832
22 22 21.94511815352955
22 23 105.4364165235449
22 24 132.0816870795356
22 25 90.38040131097908
22 26 47.7102388255226
22 27 76.7484822451164
22 28 119.1626250904459
22 29 73.45507166697737
22 30 141.6623992919922
22 31 168.9574459620885
22 32 99.64567557440864
22 33 52.33738195041968
22 34 135.7508288065592
22 35 70.70441682985457
22 36 47.64510659122321
22 37 63.20112915368797
22 38 79.98948870533188
22 39 83.43378321497394
22 40 102.09094543457029
22 42 132.7123933647907
22 43 110.68123600114149
22 44 133.22499169974492
22 45 131.0089443787834
22 46 159.64488397885668
22 47 188.4233322143555
22 48 196.0751800537109
22 49 173.8713417053223
22 50 108.9965758323669
22 51 123.6374534831929
22 53 125.47288937038851
22 55 165.8041584335755
22 56 193.8327239990234
22 57 139.0037225576548
22 58 180.14434814453116
22 59 191.15411376953116
22 61 186.6548156738281
22 62 183.3143904402449
22 63 173.70760236467632
22 64 115.6003278633609
22 65 142.0447964425814
22 66 221.3376007080078
22 67 181.68477291531033
22 69 137.8950431547969
22 70 77.14132087791155
22 71 120.2732687666672
22 72 137.6849976301193
22 73 137.5179977416992
22 74 169.56843382312408
22 75 111.20193480323842
22 76 154.93130846946468
22 77 177.80950237455818
22 78 160.43268212606742
22 79 187.92720540364581
22 81 158.00626118977868
22 82 169.7317540785846
22 83 168.0263728163849
23 23 25.00213978132559
23 24 119.35957330991741
23 25 145.7137862800533
23 26 111.0038341028492
23 27 51.473484897754716
23 28 113.98143053988159
23 29 92.02371916354132
23 30 154.7607895822236
23 31 128.6660322159056
23 32 88.06365842667837
23 33 103.36461788840441
23 34 152.0740037234324
23 35 91.51660079598345
23 36 105.8435004392646
23 37 101.46726483327721
23 38 97.72005326201393
23 39 76.22143446641591
23 40 115.7076036789838
23 41 142.8217324150933
23 42 135.2627130272728
23 43 127.6671692530314
23 44 147.4177842380405
23 45 151.3731024690377
23 46 134.5266146902311
23 47 157.5669440067176
23 48 146.9657669067383
23 49 156.07648768569481
23 50 135.51898567893292
23 51 157.95864441815542
23 52 138.6109975576401
23 53 175.1885856628418
23 54 165.1346228015957
23 55 149.47665012455641
23 56 170.70644026300508
23 57 81.67055863393864
23 58 147.9918622907609
23 59 202.0838603973389
23 60 133.2370879433372
23 61 186.55628641301942
23 62 172.36660840529808
23 63 152.22573069522258
23 64 113.92301726233559
23 65 174.1930170059204
23 66 214.684140292081
23 67 206.11919003441218
23 68 134.4920662589695
23 69 121.5595130167059
23 70 68.16281009196733
23 71 127.6401624800519
23 72 113.1113530838386
23 73 181.6570113045829
23 74 190.3532155354818
23 75 158.1996032410309
23 76 131.83661996978452
23 77 160.3632337247408
23 78 136.8540370825565
23 79 204.4201526641846
23 80 203.144323348999
23 81 142.369753191548
23 82 151.0236887489877
23 83 187.17332123138092
24 24 13.869005239608052
24 25 54.37267686347632
24 26 36.569899842061865
24 27 146.0480762280916
24 28 128.4884729385376
24 29 190.4036560058594
24 30 48.9569509813002
24 31 95.14152526855469
24 33 36.754533173972995
24 34 141.2339604695638
24 35 89.71327701057353
24 36 55.96354580161595
24 37 38.4902750102817
24 38 95.06542110443115
24 39 148.4453577677409
24 41 24.77840977137668
24 42 135.5127614339193
24 43 81.30014074125954
24 44 97.25090234544544
24 45 160.1707700093587
24 48 28.31881032625834
24 50 63.67753420892309
24 51 149.6974563598633
24 56 185.6124725341797
24 57 187.87045724051342
24 58 244.5060882568359
24 59 74.63775420911385
24 61 75.04856326812049
24 62 225.5049896240234
24 64 190.9967803955078
24 65 159.01835060119632
24 66 107.2506565294768
24 67 106.3135299682617
24 69 209.4552052815755
24 70 131.73288440704349
24 71 192.5370047433036
24 72 201.9429215651292
24 73 49.60747823681865
24 74 98.95358557360512
24 75 103.5640160070883
24 76 205.4935106549944
24 77 198.9128341674805
24 78 187.7832183837891
24 79 100.50093620446079
24 82 83.92836380004883
24 83 176.91750590006507
25 25 27.76408867622701
25 26 52.411540807899215
25 27 143.01254117907632
25 28 141.92064108624558
25 29 126.40165048922991
25 30 58.520553566963
25 31 139.2525680541992
25 32 134.9070519157078
25 33 65.06513771421453
25 34 148.26366226964717
25 35 88.63941957784255
25 36 56.73920035623661
25 37 60.37621227092601
25 38 87.13331210566501
25 39 126.1630392292984
25 40 117.03370513916019
25 41 71.01360278659395
25 42 139.4498306154108
25 43 97.96027283761543
25 44 126.562581212211
25 45 132.7050713342978
25 46 168.08111286163333
25 47 136.6431372506278
25 48 119.656237244606
25 49 215.2037944793701
25 50 81.99673957671813
25 51 114.9146823005497
25 52 203.4842834472656
25 53 139.45977783203122
25 54 226.7527008056641
25 55 194.59025697450383
25 56 217.7775109030984
25 57 193.07765882842392
25 58 244.8210906982422
25 59 113.5510702540732
25 60 233.6645965576172
25 61 100.2636908506057
25 62 214.6200716458834
25 63 198.1351425170898
25 64 172.9896805396447
25 65 126.5933271709241
25 66 109.3804361655111
25 67 121.69716966152191
25 69 189.69391509633
25 70 135.49794233891
25 71 161.6558963284634
25 72 198.2271651569595
25 73 88.46152672536378
25 74 109.8771721889016
25 75 113.89681590331492
25 76 212.13668459937682
25 77 206.39794826507568
25 78 186.47758065018002
25 79 114.6649841216023
25 81 195.7218017578125
25 82 149.0411475896835
25 83 177.2071215022694
26 26 28.114480822018102
26 27 94.43859878296315
26 28 156.54624440283752
26 29 130.2712369956862
26 30 33.154748993364784
26 31 173.30520477294917
26 32 147.63278999328608
26 33 73.45116844144248
26 34 145.62183050587092
26 35 79.41786290433652
26 36 62.72582732053686
26 37 65.2568523407946
26 38 95.16735792941736
26 39 103.0564616118577
26 40 90.53001800140775
26 41 67.65692921479543
26 42 122.4070830321415
26 43 97.38589420287691
26 44 118.49065525025259
26 45 119.52189451050991
26 46 138.8882009849785
26 47 147.84081172943118
26 48 107.85947476900542
26 49 180.2836380004883
26 50 64.46171383333802
26 51 106.4064978954503
26 52 191.0507965087891
26 53 125.64678287506099
26 54 214.7839946746826
26 55 173.4746425798547
26 56 204.7627606352499
26 57 168.6348339374249
26 58 197.58764902750647
26 59 117.02115185492859
26 60 208.21848042805993
26 61 106.06543770639341
26 62 198.5301127058736
26 63 188.3297756195068
26 64 127.6887845446747
26 65 122.70043804485951
26 66 121.2127172272781
26 67 127.35617167010858
26 68 188.47894287109384
26 69 159.57820466848517
26 70 70.69943761007805
26 71 119.43762948313869
26 72 164.5675083654067
26 73 84.6017975849994
26 74 114.70683919582778
26 75 105.0860535872692
26 76 173.56803864699143
26 77 200.13548109266492
26 78 171.4788161854685
26 79 124.245049138223
26 80 139.59577941894528
26 81 196.0567626953125
26 82 146.3284818209135
26 83 174.0637991211631
27 27 26.19787699199189
27 28 115.46384494037659
27 29 58.826125344526034
27 30 186.2039947509766
27 31 156.8373070456765
27 32 85.69427856521227
27 33 85.21017337448507
27 34 147.5508757277419
27 35 87.66938787808054
27 36 87.928062028922
27 37 87.72153357697951
27 38 93.08758634280241
27 39 93.32810593997203
27 40 125.6615885807918
27 41 158.9198913574219
27 42 146.5824798301414
27 43 132.1380559481107
27 44 157.3692342920574
27 45 162.2135525719594
27 46 145.9132034718489
27 47 173.8539470672607
27 48 177.2292144775391
27 49 158.9842906528049
27 50 143.19381086561418
27 51 173.21667595319852
27 52 161.17569951954
27 53 168.4871756813743
27 54 181.83822067348942
27 55 154.92614881630269
27 56 180.5116359363903
27 57 103.31404054971571
27 58 168.7304180227185
27 59 216.1681976318359
27 60 160.6422208755735
27 61 197.3479563395182
27 62 179.7132178474875
27 63 157.80183601379392
27 64 125.8769118751396
27 65 189.4599035854997
27 66 228.5071563720703
27 67 198.9049835205078
27 68 157.9528563650031
27 69 131.5051728549451
27 70 93.4003346465355
27 71 141.6402707693917
27 72 126.7406972015967
27 73 218.47304280598962
27 74 199.5679845636541
27 75 155.12266798030282
27 76 145.7797413439157
27 77 164.0588468367678
27 78 138.8164604037416
27 79 223.7997283935547
27 80 202.2100122625178
27 81 145.3523491247376
27 82 159.9744283822866
27 83 192.07481655832058
28 28 30.483285551250486
28 29 59.80326986200741
28 30 114.75145721435551
28 31 39.280806270072134
28 32 25.837878987292104
28 33 47.9034683103029
28 34 149.26234752726998
28 35 102.5501794226852
28 36 125.400061284012
28 37 66.8614383836953
28 38 94.13537849524084
28 39 85.34937599504599
28 40 50.86141742508986
28 41 127.92273712158199
28 42 172.2804688887163
28 43 144.5783530099051
28 44 174.8634249429567
28 45 176.82417831420898
28 46 182.02950376622817
28 47 182.4155599420721
28 48 95.33025105794269
28 49 179.10683898925782
28 50 200.22401885986332
28 51 200.7849238469051
28 52 219.9430513381958
28 53 203.30364990234384
28 54 220.876953125
28 55 187.80533524634131
28 56 203.5674715909091
28 57 125.77171556968392
28 58 206.1196873502911
28 59 198.4271602630615
28 60 215.25060490199502
28 61 186.57577006022132
28 62 193.5905980524027
28 63 194.2470528738839
28 64 146.506918050475
28 65 189.60593668619788
28 66 145.1843414306641
28 67 201.7773284912109
28 68 218.3232315063477
28 69 156.87911373751982
28 70 120.5667895300914
28 71 161.7142669677734
28 72 156.79726079770393
28 73 148.9446136474609
28 74 189.6663467407226
28 75 193.1455256964571
28 76 172.2283629313292
28 77 188.57354415090458
28 78 169.2483758544922
28 79 187.8600845336914
28 80 198.1279373168945
28 81 178.0314935956683
28 82 170.0621238708496
28 83 194.2939147949219
29 29 23.367418018831355
29 31 143.31782825176532
29 32 51.478146061944805
29 33 47.186023974334404
29 34 138.47004597981768
29 35 70.61609127260758
29 36 63.21315787717604
29 37 69.90790455831346
29 38 85.45535232121556
29 39 91.30465997751577
29 40 105.0067672729492
29 42 137.51209981817948
29 43 116.95198544588959
29 44 146.095437601993
29 45 145.8057345222024
29 46 150.80416920979818
29 47 130.9706115722656
29 49 161.3765014648438
29 50 129.0164199829102
29 51 181.1766518040707
29 52 226.7477111816406
29 53 170.4734802246094
29 54 212.0365905761719
29 55 157.30532756604651
29 56 176.14087727864583
29 57 93.80240817503496
29 58 176.58539733886718
29 59 205.4874572753906
29 60 167.7724075317383
29 61 215.2190093994141
29 62 169.72969600132532
29 63 168.4198547363281
29 64 125.46059065598709
29 65 190.5996856689453
29 66 235.1363220214844
29 67 204.6142883300781
29 69 126.91176394231329
29 70 77.30435546456951
29 71 143.6005725143547
29 72 123.17851459381241
29 73 217.9984130859375
29 74 196.73917134602868
29 75 169.86027387536092
29 76 137.5947676661215
29 77 162.252254486084
29 78 138.12185649382758
29 81 142.0702679951986
29 82 144.8380751836868
29 83 187.7280869917436
30 30 13.423237788781481
30 31 114.9161376953125
30 33 75.1308634016249
30 34 184.9386138916016
30 35 119.9867665608724
30 36 57.20989373265481
30 37 61.99408560739437
30 38 112.7874031066895
30 41 58.80553436279297
30 42 169.0683898925781
30 43 104.38234800450941
30 44 147.9250855622468
30 45 129.04423522949222
30 48 106.29805882771808
30 50 129.93901942326468
30 57 186.4955774943034
30 59 89.66953223092216
30 61 92.59297996379999
30 63 197.9508209228516
30 64 195.1502990722656
30 66 107.72861862182621
30 67 142.1502380371094
30 69 213.5775299072266
30 70 141.8505859375
30 72 208.65523783365882
30 73 99.0718462262835
30 74 111.4609954113097
30 75 120.1548265447271
30 79 112.2620956688596
30 82 132.02946472167972
30 83 152.9320831298828
31 31 6.243767774282241
31 32 192.5161590576172
31 33 22.01532917971241
31 34 110.3172988891602
31 35 71.7080988169206
31 36 83.74332580566406
31 37 43.81009437243144
31 38 46.03106906367283
31 39 47.29698459621566
31 40 23.186579030567252
31 41 62.83702659606934
31 42 193.2676315307617
31 43 91.34702809651691
31 44 108.7747113154485
31 45 102.6755808049982
31 46 196.5826995849609
31 47 104.22283935546879
31 48 74.37641198294503
31 50 117.85472869873051
31 52 208.7168477376302
31 53 132.056396484375
31 56 132.099479675293
31 57 167.8974456787109
31 58 210.8191070556641
31 59 131.8855895996094
31 60 191.6604766845703
31 62 137.0021896362305
31 63 189.5444488525391
31 64 149.2064666748047
31 72 192.2908408425071
31 73 134.7818298339844
31 74 160.5833129882812
31 76 192.6308563232422
31 77 230.818473815918
31 79 196.5572357177734
31 81 183.5129928588867
31 82 90.56507682800293
31 83 212.6831512451172
32 32 12.52654304540024
32 33 32.20758314395279
32 34 210.0746154785156
32 35 141.92477280753
32 36 112.4916786193848
32 37 55.67729364075027
32 38 61.256800333658845
32 39 137.7124399457659
32 40 184.9591217041016
32 42 158.3542755974664
32 43 85.99341583251953
32 44 177.20950444539392
32 45 159.658317565918
32 46 167.7690643310547
32 55 167.6704760464755
32 56 175.7216033935547
32 57 94.94795063563757
32 58 184.385503133138
32 60 165.1173706054688
32 62 176.10133870442712
32 64 121.3123696816934
32 68 205.0490875244141
32 69 139.8808753069709
32 70 90.94951282848012
32 71 139.96684328715008
32 72 130.9522582054138
32 74 201.0036468505859
32 75 179.61462860107417
32 76 152.5997856987847
32 77 163.5376228919396
32 78 161.5354909896851
32 81 133.185676574707
32 82 121.42095947265621
32 83 206.9962005615234
33 33 12.170388544835491
33 34 146.3798654344347
33 35 92.85458685004193
33 36 66.70976498575494
33 37 32.442303622755105
33 38 93.71887512207032
33 39 69.30734162516409
33 40 10.3351996729833
33 41 26.253719673943273
33 42 157.4909906694966
33 43 75.37359727395547
33 44 150.63496301529258
33 45 159.3534154256185
33 46 172.8481752077738
33 47 180.7110595703125
33 48 43.04727734883626
33 49 149.3213539123535
33 50 91.53535893088892
33 51 122.68293992528379
33 52 183.6122894287109
33 53 200.6996612548828
33 54 197.52506637573242
33 55 179.01516241776318
33 56 202.86018676757809
33 57 120.5994889259338
33 58 207.6627894810268
33 59 64.13903748361686
33 60 160.1278076171875
33 61 94.75590988685344
33 62 197.705763872932
33 63 228.7649688720703
33 64 143.7671995319304
33 65 144.8019301096598
33 66 108.1514053344727
33 67 177.4266395568848
33 68 207.3235168457031
33 69 140.4465318044027
33 70 122.52781891822809
33 71 154.6561169831649
33 72 149.0247942260267
33 73 53.18605632166709
33 74 141.4479613670936
33 75 131.2404205822554
33 76 163.6807046508789
33 77 200.04220145089292
33 78 157.0520748562283
33 79 140.4288215637207
33 80 242.1635589599609
33 81 159.3775672912598
33 82 179.46417563302182
33 83 187.83188302176342
34 34 23.6009319176441
34 35 69.66343126477618
34 36 97.8314042154948
34 37 98.50879491170248
34 38 72.55842796600227
34 39 80.66779660659158
34 40 68.3854565186934
34 41 79.98612976074219
34 42 89.8156941947572
34 43 125.2120639221578
34 44 125.2788094067183
34 45 102.66218496607979
34 46 86.60232346146195
34 47 97.9349981738675
34 50 159.2828984578451
34 51 186.0580920051126
34 52 212.8973693847656
34 53 82.28794049580894
34 54 220.62443161010742
34 55 191.038850192366
34 56 200.63459879557288
34 57 150.3844413757324
34 58 196.21210451479308
34 60 201.09284101213728
34 61 150.1656341552734
34 62 195.5008350719105
34 63 75.79222361246745
34 64 177.75870431187641
34 65 203.8408317565918
34 66 155.4045095443726
34 67 174.2062215805054
34 68 174.4587961832682
34 69 176.0419135869936
34 70 174.40309079488117
34 71 165.95215941594802
34 72 179.76696669749734
34 73 173.88358688354492
34 74 170.1681997278234
34 75 168.3576744254795
34 76 193.97351992708968
34 77 209.3134918212891
34 78 181.02176030476892
34 79 195.3753112792969
34 80 173.7313079833984
34 81 226.9906692504883
34 82 131.6592269897461
34 83 94.09116662170759
35 35 23.78849787845662
35 36 33.50090758195918
35 37 45.988439331015215
35 38 36.87430817670509
35 39 27.73848154505996
35 40 34.11249521581453
35 41 43.831337661743156
35 42 85.98162348745426
35 43 122.5960749194153
35 44 151.4329951113156
35 45 124.6254673500856
35 46 130.4268283450726
35 47 139.1940545706913
35 48 93.67932430903116
35 49 165.0215969085693
35 50 96.99255178166531
35 51 125.78535019212471
35 52 171.9565324783325
35 53 110.81131935119629
35 54 184.25105224609382
35 55 165.8553243727911
35 56 197.55840073970333
35 57 99.1669071487516
35 58 183.1318306200432
35 59 177.57633100237166
35 60 177.5621789785532
35 61 153.31010006635617
35 62 181.28298002300843
35 63 133.742272482978
35 64 133.9751946822457
35 65 146.0559425876565
35 66 149.96192626953132
35 67 153.1447083155314
35 68 158.481079864502
35 69 132.0707555806862
35 70 102.18940052943951
35 71 148.0033150010437
35 72 131.8677823022008
35 73 117.9182360032026
35 74 142.076078766917
35 75 135.3139222998976
35 76 148.1923632010435
35 77 170.807682887486
35 78 150.6055719284784
35 79 164.2760729980469
35 80 166.1427459716797
35 81 154.496290842692
35 82 156.57098754247033
35 83 102.9625054321812
36 36 39.91383929166375
36 37 23.51541535893207
36 38 21.829952135730018
36 39 50.394023060972174
36 40 42.496926498413096
36 41 39.2936326713737
36 42 97.16816713075735
36 43 84.00921920609605
36 44 90.51476343785684
36 45 98.88261234922108
36 46 121.39528124673029
36 47 134.0638519287109
36 48 32.85382194519043
36 49 153.03041676112582
36 50 70.60764929407459
36 51 74.1810823348426
36 53 84.83095342462713
36 54 167.9268798828125
36 55 141.32154960632317
36 56 170.2803735733032
36 57 137.4840192962111
36 58 180.5244293212891
36 59 53.73218069654523
36 60 139.8129196166992
36 61 73.45784773831306
36 62 160.0247087478638
36 63 169.1228901545207
36 64 118.59032016141069
36 65 85.41689023866758
36 66 95.07247114635649
36 67 96.65854329648224
36 69 129.38423479107058
36 70 78.12207590043546
36 71 98.49948834484407
36 72 130.40718784188869
36 73 72.27737404336995
36 74 90.15173517257121
36 75 90.17327941525087
36 76 143.005680330338
36 77 167.75390992341218
36 78 133.6835094333924
36 79 103.95696291393699
36 80 89.3465789794922
36 81 108.32852783203128
36 82 97.42809156938033
36 83 127.7375580244632
37 37 22.777080166121372
37 38 23.09512743710415
37 39 50.31266465556686
37 40 11.9636029061817
37 41 15.17372197656903
37 42 149.0779004391598
37 43 102.44171461753972
37 44 131.5811089729776
37 45 124.9737345209185
37 46 159.8723133632115
37 47 108.39794765819201
37 48 41.94304109157476
37 49 188.62601979573571
37 50 78.85209805624825
37 51 113.43189648475771
37 52 188.9804863562951
37 53 188.8151168823242
37 54 187.6597677377554
37 55 169.1758066813151
37 56 195.213648593787
37 57 112.6503246141517
37 58 195.20746789976607
37 59 87.18918564740349
37 60 187.55570329938618
37 61 125.30242184230259
37 62 191.0868964656707
37 63 156.31340408325198
37 64 143.7782344566043
37 65 130.36502294829398
37 66 132.57965410672702
37 67 132.5494882988207
37 68 204.4440578884549
37 69 148.42137957569142
37 70 116.2936253328936
37 71 146.1394929065195
37 72 144.43311304425382
37 73 80.69962261341236
37 74 122.35827934511249
37 75 120.4245125629677
37 76 160.0446990151075
37 77 177.6558784008026
37 78 154.7303797124506
37 79 132.9944732666016
37 80 150.92064285278317
37 81 162.8488062808388
37 82 143.1171401451374
37 83 128.6784048080444
38 38 9.809992422047634
38 39 28.827645949175444
38 40 9.819178650871157
38 41 11.30298300605407
38 42 108.38066163022292
38 43 76.86050499810113
38 44 66.5888616836149
38 45 63.86290629366611
38 46 116.38536434173581
38 47 62.4147082567215
38 48 25.562396949337376
38 50 100.44117619441109
38 51 127.3958419799805
38 52 177.8322830200195
38 53 79.05137634277344
38 54 177.2095932006836
38 55 169.8350560114934
38 56 126.8140150127989
38 57 114.612735748291
38 58 183.8539446662454
38 59 220.2980804443359
38 60 155.8416544596354
38 61 70.84792619593003
38 62 152.1746220308192
38 63 143.6459477742513
38 64 147.656252906436
38 66 150.6829986572266
38 67 147.8422088623047
38 68 155.6820106506348
38 69 140.8227601484819
38 70 123.2510115305583
38 71 162.7762791026722
38 72 142.8150683316317
38 73 114.67200469970699
38 74 146.43864041283018
38 75 149.68108946412468
38 76 157.84857858705132
38 77 184.67602437337243
38 78 161.11872185601132
38 79 135.71075439453122
38 80 107.96396560668948
38 81 157.14489135742193
38 82 81.86794321160569
38 83 108.1672604878743
39 39 13.47287903462491
39 40 19.09711382216197
39 41 85.28669738769531
39 42 131.0022175569792
39 43 114.9551463656955
39 44 139.8416479378939
39 45 106.24921875
39 46 105.36392581423522
39 47 112.629301591353
39 48 75.86858046682258
39 49 184.2454071044922
39 50 145.5097058614095
39 51 157.6635437011719
39 52 122.5461910911228
39 53 98.9261939709003
39 54 129.8654563903809
39 55 150.0872037164096
39 56 163.4652851985051
39 57 83.5702595088793
39 58 131.7401777663321
39 59 185.2898864746094
39 60 106.8698014346036
39 61 188.49218495686853
39 62 164.334449089898
39 63 99.7508034339318
39 64 143.949364237266
39 65 187.8326263427734
39 66 242.098388671875
39 67 176.055061340332
39 68 119.03241778434591
39 69 134.7698854299692
39 70 104.6511874479406
39 71 161.65043131510419
39 72 115.799660282628
39 73 128.009220123291
39 74 167.8366026878357
39 75 159.9005205952529
39 76 132.655273955098
39 77 158.6260715577661
39 78 142.02801698254
39 79 217.573616027832
39 80 154.4933293660482
39 81 131.76938343048099
39 82 139.8408211762051
39 83 104.6389235993345
40 40 5.488219074617351
40 41 22.308167284185227
40 42 131.7279412587484
40 43 36.86976305643717
40 44 70.3004348342483
40 45 47.77274990081787
40 46 138.6274490356445
40 47 77.79842611459586
40 48 61.12882041931152
40 50 66.75927734375
40 51 126.6806106567383
40 52 205.2559356689453
40 54 162.4847564697266
40 55 173.5749206542969
40 56 190.1243438720703
40 57 125.6319732666016
40 58 167.9888763427734
40 60 160.1269226074219
40 61 54.858247484479634
40 62 141.7003428141276
40 69 184.06488418579102
40 70 196.4256896972656
40 71 132.56744384765622
40 72 165.6721838378906
40 74 140.6279296875
40 75 144.56386239188058
40 76 172.61718333851206
40 77 171.8560028076172
40 78 150.0501251220703
40 81 176.9170379638672
40 82 48.92536108834403
40 83 119.486833745783
41 41 8.724374904561397
41 42 146.7160511016846
41 43 16.80206243003287
41 44 34.2402122098636
41 45 41.80296401977539
41 46 70.32705154418946
41 47 43.09629440307617
41 48 13.831465923708251
41 50 74.53578567504883
41 56 78.75502014160156
41 57 147.16292699178058
41 58 164.5566711425781
41 59 33.14084846095035
41 60 149.505854288737
41 61 59.72774686651715
41 62 87.82251739501953
41 63 110.41661834716801
41 72 180.3095489501953
41 73 21.20067984430413
41 74 140.0916412353516
41 75 124.5316947439443
41 76 202.5418650309245
41 77 94.44395923614502
41 79 99.96307997270064
41 80 82.16508156912667
41 82 44.96337747573853
41 83 78.10770416259766
42 42 22.97142614102657
42 43 31.304090298413428
42 44 63.230436589645564
42 45 44.92774801590153
42 46 28.16990367629392
42 47 38.904724336439564
42 48 37.248818879034
42 49 125.8602189408972
42 50 75.52157421212978
42 51 85.5729658036005
42 52 106.4898759185291
42 53 77.08397841780153
42 54 112.18960309457658
42 55 89.39554480552674
42 56 92.37829967959226
42 57 87.18386924299837
42 58 103.77279509341558
42 59 107.3084855190543
42 60 100.6796906963809
42 61 122.3556078592936
42 62 101.85459016149392
42 63 113.04690838885558
42 64 74.08833368644099
42 65 98.66304471238544
42 66 90.09542744376442
42 67 86.89475983589917
42 68 96.21800281116798
42 69 72.0277605977963
42 70 73.48996719272657
42 71 71.42630322789495
42 72 86.71958317841585
42 73 94.88889551874416
42 74 87.62722778215628
42 75 79.35275287499961
42 76 90.33995474131795
42 77 132.2860568284321
42 78 90.92584642696501
42 79 120.1720307448815
42 80 72.55683941984094
42 81 137.8618971172132
42 82 59.54704583461747
42 83 73.96719963404145
43 43 28.46032725946962
43 44 30.82713235782083
43 45 20.40754199721452
43 46 48.682788865319615
43 47 52.736826955055705
43 48 20.666982629873463
43 49 125.15745723948758
43 50 39.6230496028747
43 51 43.378479637308274
43 52 138.2802678888494
43 53 114.02769088745121
43 54 173.1933505718525
43 55 110.1733034204059
43 56 141.64236344149668
43 57 108.7289239300622
43 58 156.7021217346191
43 59 34.49261786761107
43 60 135.4918755122594
43 61 48.07998594685174
43 62 136.0565222651106
43 63 101.9123245977586
43 64 54.05039554793433
43 65 53.97368789341139
43 66 45.20841171351676
43 67 54.86279243518302
43 68 115.9148909250895
43 69 59.10607211574389
43 70 53.917972570620705
43 71 51.27245972529951
43 72 88.21850304117008
43 73 53.066253700876615
43 74 51.53963511190162
43 75 59.403754497729146
43 76 94.26745940556302
43 77 128.42673372667892
43 78 90.49686306649514
43 79 53.141387500567554
43 80 87.64597582817078
43 81 55.321195363998406
43 82 76.06714890320175
43 83 100.3982888019978
44 44 24.016751653281087
44 45 52.24024582386017
44 46 64.92428210145897
44 47 15.0681288813987
44 48 14.88706804756942
44 49 109.09341902008859
44 50 66.455385909797
44 51 87.08138983809708
44 52 112.62743401527399
44 53 99.31105721515158
44 54 121.01041860612551
44 55 95.29107253532905
44 56 112.25875021821709
44 57 103.28131170349941
44 58 105.9354475558296
44 59 39.01646943561112
44 60 98.49713833549637
44 61 41.592619284574994
44 62 102.87870262711859
44 63 107.3687312218451
44 64 83.3302314143273
44 65 55.37833673632722
44 66 48.55214047120037
44 67 56.875427616343785
44 68 98.82421360065668
44 69 68.37134280171675
44 70 82.01762548433679
44 71 66.05620759356636
44 72 98.72702147060913
44 73 32.53424189707903
44 74 59.73819399877457
44 75 67.32703913848867
44 76 98.56018664505991
44 77 77.75688675878324
44 78 70.18634267783307
44 79 62.08017614541765
44 80 46.33311308708744
44 81 46.095693090615256
44 82 25.36265284690599
44 83 95.25739923879641
45 45 60.1878349729901
45 46 23.0795159121408
45 47 32.565716276363446
45 48 17.80625340908389
45 49 107.1413876215617
45 50 63.001397989564026
45 51 88.40536769939834
45 52 117.43319023980041
45 53 96.93928527832031
45 54 131.0961874759558
45 55 104.7779644622803
45 56 128.6963555984076
45 57 94.99932119008658
45 58 109.37935966845379
45 59 73.82024922090419
45 60 105.23655367569191
45 61 100.3306241716657
45 62 127.93594882271509
45 63 117.5942497253418
45 64 81.66342303501801
45 65 94.41771800429731
45 66 66.87423899723933
45 67 73.37402228398413
45 68 101.0188710139348
45 69 76.78189892616774
45 70 69.4002293002221
45 71 71.22641195942727
45 72 107.4603994460333
45 73 78.47920708907276
45 74 78.64747249170676
45 75 72.58363746210546
45 76 103.8924752147202
45 77 112.3173038101196
45 78 96.53378171215724
45 79 100.28308450022051
45 80 94.04678662618
45 81 141.0540498097738
45 82 92.16996289321357
45 83 83.35896576576637
46 46 15.864629749165431
46 47 22.37494871159122
46 48 113.5045398365368
46 49 135.6222991943359
46 50 117.9438364543612
46 51 122.2451767770868
46 52 82.8396974630393
46 53 27.521237998506628
46 54 55.059968990859595
46 55 91.45838403507156
46 56 63.66755525964036
46 57 56.5808402750456
46 58 100.07682360052179
46 59 106.9396601480151
46 60 65.12090965463041
46 61 90.86108322143556
46 62 95.47655550325639
46 63 25.20657104190895
46 64 92.49932651004276
46 65 142.1083188264266
46 66 110.22956254747179
46 67 132.0260528564453
46 68 75.4225315213738
46 69 89.00237545786024
46 70 92.08961656358507
46 71 87.24401328010609
46 72 76.78954041179036
46 73 141.13188749040881
46 74 138.1014070764052
46 75 103.4358491285322
46 76 98.04401800915736
46 77 122.36277596098421
46 78 94.24433010840131
46 79 148.9981474442916
46 80 50.83702414332868
46 81 122.9005823771159
46 82 76.76326518175078
46 83 85.71352690269505
47 47 5.042672868950726
47 48 22.299245879763646
47 49 162.88387552897132
47 50 118.4182390485491
47 51 142.68204689025882
47 52 115.72341977632959
47 53 13.200027168897108
47 54 48.94069996024623
47 55 106.4658721589694
47 56 37.48496355713014
47 57 92.92914541144121
47 58 115.08987677158449
47 59 132.9061012268066
47 60 99.64028651052745
47 61 31.52120320937213
47 62 54.81744327545166
47 63 48.99975377863104
47 64 116.8774810791016
47 65 147.67864074707032
47 66 211.6807327270508
47 67 103.9948057694869
47 68 101.62821544300431
47 69 113.5317754109701
47 70 124.8406728108724
47 71 121.1353912353516
47 72 110.5700793675014
47 73 44.72560501098633
47 74 105.01607569941771
47 75 97.83920254914656
47 76 116.4245065507435
47 77 63.8584606051445
47 78 100.5154867172241
47 79 91.83507537841795
47 80 21.726825127498714
47 82 14.73020905501222
47 83 79.50457807268415
48 48 6.354333088746084
48 50 51.10673647416682
48 51 160.8156661987305
48 52 141.4431781768799
48 54 114.15396118164058
48 55 121.397028836337
48 56 69.26071723302205
48 57 129.7749690678767
48 58 139.2771911621094
48 59 19.674649832200032
48 60 120.89856222401501
48 61 35.301404079174596
48 62 72.17882995605468
48 63 159.8867751227485
48 64 124.62634658813481
48 65 122.1920928955078
48 66 52.33241871425084
48 68 117.468017578125
48 70 87.92384912634407
48 71 110.08594512939449
48 72 140.2551356627878
48 73 22.382411243142307
48 74 84.21932007284725
48 75 67.02909280303726
48 76 142.1101031303406
48 77 120.081789289202
48 79 56.65889932159195
48 80 65.14728444417318
48 82 11.95769064011039
48 83 99.78798675537108
49 49 22.366880314275807
49 50 189.7499313354492
49 51 123.60818790840109
49 52 165.1281458536784
49 53 188.0009765625
49 54 137.97601318359378
49 55 54.955788272937745
49 56 87.98499532913452
49 57 97.29181671142578
49 58 150.19361156306852
49 59 116.4402679443359
49 60 158.52349514431418
49 61 173.3607864379883
49 62 53.999981365009454
49 63 223.7288665771484
49 64 122.006276872423
49 65 120.905380767526
49 66 150.34901046752933
49 67 133.3548630305699
49 68 185.36417579650882
49 69 113.70775117978951
49 70 112.3926849365234
49 71 113.64283173878991
49 72 110.378850115024
49 73 141.0500030517578
49 74 139.2321301816115
49 75 153.30507630939732
49 76 119.84503295898442
49 77 52.55649605524742
49 78 47.62394570877597
49 79 187.1460876464844
49 80 108.02166137695309
49 81 80.14456748962401
49 82 95.55245409878815
49 83 187.3360443115234
50 50 12.980090801013448
50 51 87.08968758216271
50 52 167.8746795654297
50 53 145.5621209395559
50 54 156.8701501143606
50 55 142.1886322021484
50 56 174.3352610270182
50 57 79.67501450220037
50 58 133.4501647949219
50 59 64.87744573899258
50 60 177.08428039550782
50 61 72.20010360974945
50 62 164.2704563140869
50 63 117.43378658952379
50 64 62.19454259840961
50 65 77.97174854767627
50 66 112.1611671447754
50 67 89.99940944063489
50 68 173.4461364746094
50 69 106.0271168039806
50 70 35.08062816672855
50 71 80.98932995515713
50 72 83.12632689974201
50 73 24.377261226625983
50 74 85.35526696273259
50 75 33.17605585107311
50 76 104.54249012109008
50 77 147.2098682110126
50 78 125.49180924265009
50 79 103.412877118146
50 80 88.7091064453125
50 81 154.8923187255859
50 82 82.91487536960176
50 83 154.0910406846266
51 51 21.52319209733477
51 52 194.8954162597656
51 53 194.6983642578125
51 54 165.44146691599198
51 55 107.88741894723749
51 56 140.9937905877586
51 57 178.70701090494788
51 58 219.3125995454334
51 59 174.34242134094242
51 60 224.1105393629808
51 61 161.7498722076416
51 62 130.2942488788423
51 64 127.50247410365509
51 65 45.80565755468861
51 66 136.8562037150065
51 67 72.89903700071477
51 68 213.93056742350257
51 69 81.96650792220228
51 70 121.1903158823649
51 71 40.844773207577184
51 72 148.0083451447663
51 73 147.1502812703451
51 74 37.76509743520366
51 75 39.98955613495673
51 76 118.1453388138573
51 77 157.59889099624132
51 78 98.46750335512851
51 79 123.88800048828121
51 80 175.02028864080262
51 81 148.6622913905553
51 82 127.3030188261573
51 83 164.65855492485892
52 52 15.967169471325409
52 53 115.0732076216717
52 54 89.63770582292463
52 55 152.116138121661
52 56 125.4715946008128
52 57 69.71597247185188
52 58 26.15730081069986
52 59 161.98601608276368
52 60 46.9424820812581
52 61 173.15832242098722
52 62 134.5737457956587
52 63 83.26593321391516
52 64 185.3591613769531
52 66 179.5370178222656
52 67 197.15024312337243
52 68 17.18984111414936
52 70 141.0012512207031
52 71 236.9519500732422
52 72 33.038426133174184
52 74 202.1148834228516
52 75 128.20417785644528
52 76 28.81426755053019
52 77 131.9966752059816
52 78 189.8640213012695
52 79 181.97722244262698
52 80 144.7243621261032
52 81 96.01402791341144
52 82 118.01751737594601
52 83 138.9951265123156
53 53 10.107511630058289
53 54 60.18374510033656
53 55 128.2397794451032
53 56 104.0715160803361
53 57 76.3969976963141
53 58 122.77456043676001
53 59 164.4308905601501
53 60 85.98412078707088
53 61 182.8444671630859
53 62 152.24927997589108
53 63 26.65571063638914
53 68 101.5780466253107
53 69 155.9860534667969
53 70 113.90047683715821
53 71 180.4538879394531
53 72 95.30003972120687
53 73 170.7082489013672
53 74 183.8751780192057
53 75 176.9548933549361
53 76 124.6452385829045
53 77 134.21284790039059
53 78 196.0388488769531
53 80 16.93315926026762
53 81 132.0976715087891
53 82 11.962445081112001
53 83 80.60656885000375
54 54 27.03354675973279
54 55 77.86710781614242
54 56 44.74985371569106
54 57 86.38189221516308
54 58 50.43929194364715
54 59 148.4782426622179
54 60 41.57733796439364
54 61 174.01165499006
54 62 113.62560399552471
54 63 42.329406833007674
54 64 172.56514231363929
54 65 189.19377746582032
54 66 167.5722869873047
54 67 184.5687727494673
54 68 77.20393244596826
54 69 133.33191033371358
54 70 133.6159575612921
54 71 150.13208047967208
54 72 94.63034470804622
54 73 186.7998894585504
54 74 184.12336273193358
54 75 173.186814922176
54 76 88.7934946310086
54 77 140.6529406090305
54 78 151.5666473388672
54 79 167.216069539388
54 80 93.75061378214096
54 81 133.61233411516457
54 82 116.49410646244628
54 83 167.44644246782582
55 55 31.52011440738293
55 56 82.27886678082999
55 57 83.61444356758606
55 58 41.500653724291205
55 59 147.4458671472011
55 60 158.7277896697508
55 61 167.2284685022691
55 62 68.02897631351668
55 63 99.48146899679432
55 64 125.80841163536171
55 65 112.6974946379015
55 66 157.6075386706694
55 67 133.6452232528256
55 68 169.7515020751953
55 69 77.33088497121994
55 70 132.62884343465169
55 71 94.3083128727726
55 72 77.96657978394772
55 73 177.6057769775391
55 74 131.7618713562129
55 75 125.5398510584222
55 76 53.275927529956334
55 77 105.02756438419979
55 78 41.8550026731394
55 79 181.2511336382697
55 80 132.9322337885013
55 81 86.09395790595512
55 82 96.2761060883278
55 83 144.25589425223208
56 56 29.41185798260026
56 57 105.7636969327927
56 58 74.09055425037623
56 59 114.19069918780261
56 60 106.4166255805732
56 61 123.2921840494329
56 62 43.66964287810625
56 63 84.84456671329967
56 64 132.9234055549868
56 65 152.0595838941377
56 66 176.09183740615842
56 67 168.3771020620147
56 68 108.507736593778
56 69 125.51161521754851
56 70 155.1556396484375
56 71 130.22159357949448
56 72 119.12353255722549
56 73 90.61848576863605
56 74 163.0339828942709
56 75 165.15862041722949
56 76 112.7502900442773
56 77 125.025077269592
56 78 100.91900669540492
56 79 116.77258682250981
56 80 72.13240732032746
56 81 120.02842770531059
56 82 76.42517464955648
56 83 153.8558975219727
57 57 13.521550933597341
57 58 79.03458926189377
57 59 137.38851692893292
57 60 51.031277580900564
57 61 134.47503714725892
57 62 117.2757488109447
57 63 35.250289091401896
57 64 86.53827228546145
57 65 157.4969008309501
57 66 165.7476119995117
57 67 160.0913432728161
57 68 59.358248243000524
57 69 78.17795072283063
57 70 31.99201489441822
57 71 147.52534282908718
57 72 35.16946129360463
57 73 105.23706051080221
57 74 153.22636844800869
57 75 110.41474307309609
57 76 70.10710483510749
57 77 109.84335719675259
57 78 97.6377166748047
57 79 164.3353144327799
57 80 113.8263024722829
57 81 76.47123226366546
57 82 102.6466096006794
57 83 136.9691355088178
58 58 25.764857183861217
58 59 156.4149876688863
58 60 36.59274163188415
58 61 173.90097993549549
58 62 99.47404916453124
58 63 85.36320147307023
58 64 190.809071858724
58 65 216.5250205993652
58 66 176.9853521982829
58 67 195.1988304985894
58 68 23.32589256369153
58 69 167.53842798868808
58 70 167.1901572091239
58 71 184.33486862182616
58 72 79.07955995851344
58 73 162.2296676635742
58 74 200.6802860128468
58 75 169.2688133933327
58 76 49.68221031167371
58 77 124.34822477489959
58 78 168.2577801968189
58 79 188.11572515314282
58 80 138.3665662118805
58 81 131.1787317716158
58 82 113.4419832436755
58 83 154.8257433001915
59 59 17.92143864562601
59 60 146.3012996700639
59 61 31.96826572683764
59 62 85.23744632707175
59 63 160.4609992617653
59 64 156.0596361160278
59 65 59.914763573294366
59 66 30.318692289179825
59 67 30.60041114433738
59 68 145.9418789091564
59 69 113.3491056083453
59 70 99.622645514352
59 71 107.3642790777641
59 72 154.9934610506383
59 73 26.021285379487
59 74 41.484101914396184
59 75 82.60490673925818
59 76 167.3428892978402
59 77 73.99806619911064
59 78 119.2681439048365
59 79 55.10923871994019
59 80 60.74085503358106
59 81 120.3150482177734
59 82 27.59053227683188
59 83 127.601806640625
60 60 19.27870823902608
60 61 158.7870762857158
60 62 119.4252086081872
60 63 45.37620017022139
60 64 218.71768951416018
60 65 214.3328297932943
60 66 166.6650224165483
60 67 180.7990281846788
60 68 23.154620828468556
60 69 163.3463182449341
60 70 79.28814315795898
60 71 236.7312469482422
60 72 44.889430693665396
60 73 140.6542282104492
60 74 175.78947143554691
60 75 179.4346763209293
60 76 71.79211993018298
60 77 117.9996165813704
60 78 181.4471612745716
60 79 173.0364197625054
60 80 121.26542952481441
60 81 192.999626159668
60 82 104.28694218846572
60 83 146.9795849540017
61 61 14.311644769636118
61 62 99.6972244525778
61 63 176.27686767578132
61 64 166.9861297607422
61 65 143.5064958844866
61 66 70.67398579915364
61 67 133.242734375
61 68 160.6800187054803
61 69 180.61152394612634
61 70 98.14221432334499
61 71 179.1930816650391
61 72 158.6753341273258
61 73 18.28490593589993
61 74 113.9682231837021
61 75 41.40774563125289
61 76 183.20608634137088
61 77 94.37516600894232
61 78 151.7628784179688
61 79 73.3868547309965
61 80 89.4322122644495
61 81 200.4637451171875
61 82 51.80872614293428
61 83 198.675776163737
62 62 34.34844159264714
62 63 105.0322532653809
62 64 132.94200238314542
62 65 139.2570556975135
62 66 155.02149211185082
62 67 155.2810012145847
62 68 122.5645706021056
62 69 122.24250035135859
62 70 127.1140823364258
62 71 122.724592693587
62 72 121.4755662830267
62 73 89.89525246620178
62 74 153.4656855657758
62 75 160.0122717234714
62 76 123.00816238886111
62 77 79.22437212312103
62 78 80.5506354550478
62 79 117.0559058999116
62 80 69.265359533098
62 81 113.4368603888978
62 82 80.30291079876
62 83 153.80801185401708
63 63 11.486374044606071
63 64 115.1490283203125
63 65 172.3614807128906
63 66 135.96722412109378
63 67 156.1025848388672
63 68 69.63095640404822
63 69 95.30395682652792
63 70 83.05268180601058
63 71 98.46844725677931
63 72 68.60527989680091
63 73 143.9333732455385
63 74 176.3407974243164
63 75 146.79694028720732
63 76 97.82246613561081
63 77 137.1818490639711
63 78 135.63441371917722
63 79 173.4976784842355
63 80 61.316952481681916
63 81 109.18589237758091
63 82 110.3119868716678
63 83 55.74037189667042
64 64 12.95371552162926
64 65 122.29851718478729
64 66 134.6094696044922
64 67 139.14304053265118
64 68 202.4813537597656
64 69 42.49375048109577
64 70 33.33604408313944
64 71 26.9382464381323
64 72 45.13709252742158
64 73 103.9175729751587
64 74 141.1648056595414
64 75 42.02310313991306
64 76 62.03975396119911
64 77 103.33663856458358
64 78 87.05944271710962
64 79 156.573299407959
64 80 179.3418960571289
64 81 82.9740687128323
64 82 89.61067785218704
64 83 139.4946095568068
65 65 25.280584723194536
65 66 69.90708187493411
65 67 33.36882994478106
65 69 81.04869745619392
65 70 96.03774579366049
65 71 41.03899897993685
65 72 152.0714845021566
65 73 113.40598996480308
65 74 48.15195364002751
65 75 76.4790889414583
65 76 130.5728402248649
65 77 122.6505052609877
65 78 87.54541063308716
65 79 112.1206050199621
65 81 122.13543658786351
65 82 35.82231556200095
65 83 173.9039439151162
66 66 27.641045502886143
66 67 34.654190446518896
66 68 159.9045680119441
66 69 120.8923926353455
66 70 141.0097198486328
66 71 118.1357115538224
66 72 177.54472569056918
66 73 59.53343722933815
66 74 42.667731046422524
66 75 83.19753417521278
66 76 183.67595014901002
66 77 129.6837184694078
66 78 123.51215155816851
66 79 59.726356622826955
66 80 117.2896092732747
66 81 123.85946197509769
66 82 52.1574437485563
66 83 155.7909434000651
67 67 22.538527605774807
67 68 163.98894119262698
67 69 113.5262743066375
67 70 122.5873611450195
67 71 93.25286898508641
67 72 163.8851509763483
67 73 73.40959609182258
67 74 42.1212191592088
67 75 81.93543750836909
67 76 160.6245609052253
67 77 134.2788942867344
67 78 112.2310675599032
67 79 89.11514575664812
67 80 229.0296173095703
67 81 125.61051799632891
67 82 43.00747889428977
67 83 147.0444242204939
68 68 13.93508928510792
68 69 216.917236328125
68 70 100.3359527587891
68 71 214.93021647135419
68 72 33.5029571772645
68 73 152.4279327392578
68 74 180.9468688964844
68 75 147.6178016662598
68 76 43.27575851633579
68 77 117.68297667730421
68 78 169.5864524841309
68 79 184.160630967882
68 80 128.50082954993619
68 81 102.8654403686523
68 82 106.90492144497959
68 83 143.97755861282351
69 69 24.512081790785032
69 70 67.65638504741348
69 71 44.81585822954516
69 72 76.52943852102969
69 73 136.1443244934082
69 74 118.0765413553689
69 75 92.48892680950718
69 76 55.91397196901451
69 77 105.9710842720763
69 78 43.80353070305525
69 79 167.94630126953132
69 80 162.8705997467041
69 81 80.04928724526634
69 82 55.307631953805505
69 83 134.4607442112292
70 70 13.936511849377998
70 71 63.63471711730957
70 72 41.21571220231846
70 73 66.13408336489219
70 74 123.79234799471772
70 75 39.386444145951536
70 76 67.86371216635926
70 77 137.5626500447591
70 78 108.86474009922571
70 79 228.033203125
70 80 156.8892059326172
70 81 85.19646759033203
70 82 105.10165078299391
70 83 152.5918965657552
71 71 25.572132541028854
71 72 131.0744727611542
71 73 125.4868803757888
71 74 77.73944449747555
71 75 45.40115786981168
71 76 101.70282261162279
71 77 126.7835498277278
71 78 73.92188343725914
71 79 152.6374862670899
71 80 172.01352945963538
71 81 101.71245951195291
71 82 54.719947201788216
71 83 138.8730967783994
72 72 20.24926461089498
72 73 112.6800617757565
72 74 171.25097549602552
72 75 104.5325792122585
72 76 34.856827288331516
72 77 110.17605401909691
72 78 92.34366556618718
72 79 185.46676497025916
72 80 133.9577419396603
72 81 90.94393665999313
72 82 100.73352954309308
72 83 143.7621725559235
73 73 10.3270059534278
73 74 52.207486844127075
73 75 32.034942009571644
73 76 156.0349922180176
73 77 95.88200777227229
73 78 176.2982889811198
73 79 74.33812142681602
73 80 74.92529220581055
73 82 42.0698419181924
73 83 164.4260311126709
74 74 28.56536887384484
74 75 53.337580898128046
74 76 152.3150610360357
74 77 151.08456956492168
74 78 117.89427021943409
74 79 56.63496018650013
74 80 170.6193819912997
74 81 147.4656941731771
74 82 75.32285471554029
74 83 157.08456000434032
75 75 26.275313616453857
75 76 105.23091775845579
75 77 154.4692155052634
75 78 129.0209359524855
75 79 37.4150231398642
75 80 182.71121161324643
75 81 144.81898781105318
75 82 81.5519296357126
75 83 153.1811010773118
76 76 28.63408059554646
76 77 117.030790941007
76 78 74.61141925226599
76 79 202.4778391520182
76 80 150.14608442372293
76 81 88.37625093874723
76 82 101.2843591251889
76 83 145.54202801694152
77 77 39.14592057879554
77 78 60.89552391066161
77 79 106.59993578592942
77 80 30.603588974475862
77 81 31.811884486757048
77 82 47.414525686681245
77 83 155.0301042036577
78 78 23.33661028292203
78 79 172.7325592041016
78 80 145.22963256835942
78 81 50.08450413629517
78 82 52.15932863530013
78 83 146.906720941717
79 79 45.910933688879005
79 80 105.82625438548901
79 81 218.3850860595703
79 82 76.59870051688888
79 83 158.0286598205566
80 80 4.417229614474556
80 81 173.5006637573242
80 82 15.93956050988832
80 83 107.94293103899271
81 81 12.76538856519535
81 82 33.96463790785503
81 83 219.45169830322268
82 82 12.131635428536383
82 83 106.0398133141654
83 83 23.209305414067718
