0 0 0.3619249929179515
0 2 0.5382430986924605
0 3 0.5083040098349253
0 5 0.4954572468996048
0 6 0.4374173073234824
0 7 0.4764084392978299
0 8 0.5425496101379395
0 9 0.5094894121090571
0 11 0.5240606864293417
0 12 0.548045814037323
0 13 0.4083223935579211
0 16 0.5241512300506714
0 18 0.5014898896217346
0 19 0.53955078125
0 20 0.5018125126759211
0 22 0.5220467587312062
0 23 0.5045729620116097
0 25 0.501681733589906
0 26 0.5132797360420227
0 27 0.4982911175297153
0 28 0.3956713452417817
0 29 0.4686593348498171
0 31 0.4954374730587006
0 32 0.4410794675350189
0 33 0.4832998646630181
0 34 0.5615641474723816
0 35 0.476414293050766
0 36 0.4805460657392229
0 37 0.4945052822430929
0 39 0.5089652001857757
0 44 0.5427417457103729
0 57 0.6097720265388489
0 64 0.5782272815704346
0 69 0.5617519319057465
0 70 0.5401474833488464
0 72 0.5504051923751831
0 74 0.5289831757545471
0 75 0.5481802523136139
0 76 0.5663906931877136
0 77 0.540341854095459
1 1 0.4018809459173413
1 2 0.486685149371624
1 4 0.4916675090789795
1 6 0.4940009415149689
1 8 0.5102831915020942
1 9 0.5504254698753357
1 10 0.4384757096950824
1 11 0.5192753851413727
1 12 0.4524118291480201
1 14 0.5246074951213339
1 15 0.4214415746075766
1 16 0.4854810953140259
1 17 0.4206861754258474
1 18 0.4643060758709908
1 20 0.4920987089474996
1 21 0.4177489793962902
1 22 0.4696585271093581
1 23 0.4900865719816779
1 24 0.4638502031081105
1 25 0.483888582165899
1 26 0.4222203502737945
1 27 0.5092550547499406
1 29 0.4988821297883987
1 30 0.4637601263821125
1 33 0.4694871771335602
1 34 0.5093683749437332
1 35 0.4718531226670301
1 36 0.4674731651683907
1 37 0.4589487175146739
1 38 0.469642162322998
1 39 0.5059993892908097
1 41 0.4812060469581235
1 42 0.4962202766362359
1 43 0.5168335298697154
1 44 0.5177695659490732
1 45 0.5292485555013021
1 46 0.5807754695415497
1 48 0.4821623691490718
1 50 0.5015400363241925
1 51 0.5420440710507907
1 59 0.5111173391342163
1 61 0.5340651440620422
1 62 0.5336719155311584
1 64 0.5598207414150238
1 65 0.5083393156528473
1 66 0.5027847786744436
1 67 0.5146923065185547
1 69 0.5165489614009857
1 70 0.5143807083368301
1 71 0.5031798779964447
1 72 0.5092382431030273
1 73 0.5462402298169977
1 74 0.5281716714734617
1 75 0.5314939138088518
1 76 0.6090824007987976
1 78 0.5325366954008738
1 79 0.48389682918787
1 82 0.4631756544113159
1 83 0.4961284846067429
2 2 0.4280433748189097
2 5 0.4598323838277297
2 6 0.4815472268932302
2 7 0.4812219665291604
2 8 0.572656512260437
2 9 0.48923051543533796
2 10 0.4571100109153324
2 11 0.5540232360363007
2 12 0.5299381911754608
2 13 0.5087698690862541
2 14 0.48394575715065
2 15 0.4873332551547459
2 16 0.4626880086661219
2 17 0.41845557093620295
2 18 0.4627404365990613
2 20 0.5124609567763576
2 21 0.4947652593255043
2 22 0.4787371707827264
2 23 0.505170326679945
2 25 0.457517995665382
2 26 0.4768166552941592
2 27 0.5098558016595124
2 28 0.5152476092831033
2 29 0.5061262908667454
2 30 0.3838529139757156
2 31 0.503791868686676
2 32 0.4907936215400696
2 33 0.4432459231466055
2 34 0.506246839250837
2 35 0.4645035699835041
2 36 0.4528764475301281
2 37 0.4409804247128658
2 38 0.4980493233754085
2 39 0.5336051024496555
2 42 0.530394583577063
2 43 0.5289986598491668
2 44 0.5186679182099361
2 45 0.5453170693438986
2 46 0.5758171876271566
2 49 0.5507692694664001
2 50 0.5329557466506958
2 51 0.5450172262832457
2 55 0.5380600790182749
2 57 0.5078002214431763
2 61 0.4970950186252594
2 62 0.5369769185781479
2 63 0.5196529030799866
2 64 0.5438682170290696
2 65 0.5326546029797916
2 66 0.4493181705474854
2 67 0.5119792640209198
2 69 0.5461564213037491
2 70 0.5492551550269127
2 71 0.5448297469904928
2 72 0.5521949430306753
2 74 0.5284235360575658
2 75 0.5563561184548893
2 76 0.5383354574441911
2 78 0.5494117008315192
2 83 0.5490681032339731
3 3 0.3463748652977309
3 4 0.4538498878479004
3 5 0.4621567774463344
3 6 0.4954886451363564
3 7 0.4819737285375595
3 8 0.5539279212909085
3 9 0.401225929767623
3 10 0.5442551374435425
3 11 0.4165279333226869
3 12 0.5439742803573608
3 13 0.5083591753528232
3 14 0.4609096034979209
3 17 0.5395301580429077
3 18 0.5243064463138579
3 19 0.3599991236914353
3 20 0.5112208724021912
3 21 0.4186383485794067
3 23 0.3960775599364311
3 25 0.5234107375144958
3 26 0.4927138984203339
3 27 0.4031725694863478
3 28 0.5003694246212641
3 31 0.5355286002159119
3 33 0.5117725556095442
3 34 0.5712394118309021
3 35 0.5116124590237935
3 37 0.5360796758357216
3 38 0.5379658788442612
3 39 0.4929244677568304
3 40 0.5388040840625763
3 42 0.5978703002134959
3 44 0.6047713226742215
3 45 0.6194882988929749
3 46 0.6045341640710831
3 50 0.5673088431358337
3 52 0.6554921898576949
3 53 0.5657087564468384
3 54 0.5878357559442521
3 55 0.5947530610220773
3 56 0.6034132838249207
3 57 0.6142968870699406
3 58 0.6446454780442374
3 59 0.6149091124534607
3 60 0.6029794620616096
3 62 0.5835981965065002
3 63 0.6046998381614686
3 68 0.6490034979322682
3 72 0.6336401160116549
3 76 0.6334467728932699
3 77 0.596667930483818
3 82 0.6128744035959244
4 4 0.2942074550131258
4 5 0.3528224603362279
4 6 0.4521356225013733
4 7 0.4304579879556383
4 8 0.420109648257494
4 9 0.4565887848536174
4 11 0.4225719198584557
4 12 0.5780842900276184
4 13 0.4237703233957291
4 14 0.3403088209921853
4 19 0.4861690898736318
4 20 0.5432541370391846
4 21 0.4563002586364746
4 22 0.5955796837806702
4 23 0.4392209396912501
4 26 0.5278740078210831
4 27 0.4926915566126506
4 28 0.3113909562428792
4 31 0.2964863456212558
4 33 0.3358611131885222
4 34 0.4629141861616179
4 35 0.4879728300230844
4 36 0.4469036161899567
4 37 0.4514169320464134
4 38 0.5456775426864624
4 39 0.3482630039438789
4 40 0.2924239365070054
4 42 0.4090412855148315
4 44 0.5320571064949036
4 45 0.589580237865448
4 46 0.5254364609718323
4 51 0.5153290033340454
4 53 0.5183371007442474
4 56 0.515922486782074
4 60 0.5622329413890839
4 61 0.485605925321579
4 63 0.5091325119137764
4 68 0.5365285277366638
4 69 0.5667915344238281
4 71 0.582740843296051
4 72 0.5668742507696152
4 75 0.4996497929096222
4 76 0.5355359315872192
4 82 0.5351717472076416
4 83 0.5177590864546159
5 5 0.3281179660620635
5 6 0.45561463774347605
5 7 0.36897755186526
5 8 0.4887277007102966
5 9 0.4397844132372474
5 10 0.4921875596046448
5 11 0.4008780648069665
5 12 0.5263424217700958
5 13 0.4778253454428453
5 14 0.3334349607036058
5 16 0.4852063655853271
5 17 0.4799645940462748
5 19 0.470658387367924
5 20 0.4767502136528492
5 22 0.4755725840727488
5 23 0.4366427274613545
5 25 0.4297119528055191
5 26 0.4670817218720913
5 27 0.4671032867096003
5 28 0.486480113863945
5 29 0.4609588652849197
5 31 0.3757852837443352
5 32 0.4832160770893097
5 33 0.5046637478996726
5 34 0.5041468441486359
5 35 0.4862816808880239
5 36 0.4744417518377304
5 37 0.5068573053066547
5 38 0.47435157895088204
5 39 0.391593161187488
5 40 0.3808701197306315
5 42 0.5853255987167358
5 43 0.4615921080112457
5 44 0.5739396333694458
5 46 0.5309846227367719
5 48 0.5554471760988235
5 51 0.498401939868927
5 52 0.6024259328842163
5 54 0.5082701643308004
5 55 0.5479876001675924
5 58 0.5869005152157375
5 60 0.5336177200078964
5 62 0.5252429246902466
5 68 0.5699946582317352
5 72 0.5504702428976694
5 75 0.4897927790880203
5 76 0.5670944187376235
5 83 0.5464340448379517
6 6 0.4001865352303725
6 7 0.4865975909904122
6 8 0.497295543551445
6 9 0.4355002699098711
6 10 0.5031683370471001
6 11 0.4964590112076086
6 12 0.4980116585890452
6 13 0.4793026897102939
6 14 0.5169699966907502
6 15 0.4895001252492269
6 16 0.5079388085639838
6 17 0.5058394372463226
6 18 0.4934429165564085
6 19 0.5285528410564769
6 20 0.4963215894120581
6 21 0.489750400185585
6 22 0.5076683862378981
6 23 0.4833360828067127
6 25 0.45091924806435896
6 26 0.4780197060385415
6 27 0.4498332223536838
6 28 0.4780715486313414
6 29 0.4429331199179835
6 31 0.5053030848503113
6 32 0.49179757386446
6 33 0.5016583818655748
6 34 0.5196990647486278
6 35 0.4825493455922455
6 36 0.4692824745879454
6 37 0.5049528518489971
6 38 0.5082104544747961
6 39 0.509510540600979
6 40 0.5140766799449921
6 42 0.5590361736037515
6 43 0.5511022686958313
6 44 0.5647268400472754
6 45 0.5983493328094482
6 46 0.5561991780996323
6 49 0.581989586353302
6 50 0.4788484275341034
6 51 0.5308114588260651
6 52 0.6300762693087261
6 54 0.6527965068817139
6 55 0.5576740039719476
6 56 0.5474249720573425
6 57 0.5471900616373334
6 58 0.603946202993393
6 60 0.5802034735679626
6 62 0.5297194123268127
6 64 0.5553242444992066
6 68 0.5998353362083435
6 69 0.5581855525573095
6 70 0.5492455661296844
6 71 0.5476627200841904
6 72 0.5753712041037423
6 74 0.5081263780593872
6 75 0.5322722494602203
6 76 0.5719579945911061
6 77 0.5573353767395021
6 78 0.5145805478096008
6 81 0.5448065400123596
6 82 0.5518239140510559
6 83 0.5009404361248017
7 7 0.3289775264010624
7 8 0.5031430900096894
7 9 0.4569125123856355
7 10 0.4514223635196686
7 11 0.5147753415476297
7 12 0.4580899651708274
7 13 0.3579635264232428
7 14 0.4368522934841387
7 16 0.4902348333881015
7 17 0.4652973711490631
7 18 0.4764044605768644
7 19 0.5250290426469985
7 20 0.4839758861298655
7 22 0.4997333218175244
7 23 0.4828189603380255
7 25 0.4590834233355015
7 26 0.4644636374253493
7 27 0.4882496690275657
7 28 0.4578433366198289
7 29 0.4802742669012694
7 31 0.3819605906804402
7 32 0.4975785911083221
7 33 0.4588078981951663
7 34 0.5178009271621704
7 35 0.479042062163353
7 36 0.4617915217365537
7 37 0.4647230213763667
7 38 0.4713113183776538
7 39 0.4438954742515788
7 40 0.431219502499229
7 41 0.4529712349176407
7 42 0.5395401499488137
7 43 0.5360858887434006
7 44 0.5493096597492695
7 45 0.5693444609642029
7 46 0.5381498783826828
7 48 0.5197527259588242
7 50 0.4967871308326721
7 51 0.4599862396717072
7 54 0.5443877577781677
7 55 0.5562087297439575
7 56 0.5830903053283691
7 57 0.5375462174415588
7 58 0.5611729423205057
7 64 0.5157291889190674
7 69 0.5636040568351746
7 71 0.5174914002418518
7 72 0.5514709949493408
7 73 0.4966144263744354
7 75 0.5232668008123126
7 76 0.5526924161683946
7 77 0.535620927810669
7 78 0.5450884103775024
7 81 0.5185222029685974
7 82 0.5772416591644287
7 83 0.5807321071624756
8 8 0.3475449196643524
8 9 0.5531215313318614
8 10 0.4907974402109782
8 11 0.5023538851930249
8 12 0.4988612532615662
8 13 0.5047387447622087
8 14 0.3640790450803483
8 15 0.4881956204771996
8 16 0.5128061672051748
8 18 0.500247061252594
8 19 0.5499432353263206
8 20 0.4772115349769592
8 21 0.3650515552640283
8 22 0.5491835474967957
8 23 0.3870077070106964
8 24 0.5345215218407767
8 25 0.4986858538218907
8 26 0.5096351119225898
8 27 0.5099667394161225
8 28 0.4962626424702731
8 29 0.45072184337509996
8 30 0.5441853404045105
8 32 0.4891985257466634
8 33 0.5134172168644991
8 34 0.5294520010550817
8 35 0.4727476758175883
8 36 0.4846452060672972
8 37 0.5171048900355464
8 38 0.5254528290695615
8 39 0.4723104253536513
8 41 0.4999410331249237
8 42 0.5524707072310977
8 43 0.5801290472348531
8 44 0.5594880808802212
8 45 0.5740814606348673
8 46 0.6043613672256469
8 47 0.5143538117408752
8 48 0.4761808216571808
8 50 0.4896934479475021
8 51 0.5303689241409302
8 52 0.6339769860108694
8 53 0.5576440095901489
8 54 0.607250839471817
8 55 0.5958120346069335
8 56 0.5642657279968262
8 57 0.5532852786202584
8 58 0.6296659958989996
8 59 0.5299166440963745
8 60 0.5942817032337189
8 61 0.5194799974560738
8 62 0.5368104875087738
8 63 0.5416900515556335
8 64 0.5712309913201765
8 66 0.5485937595367432
8 68 0.6194672499384198
8 69 0.5803116096390618
8 70 0.5437512658536434
8 71 0.56568763256073
8 72 0.5772279684674251
8 73 0.4725060760974884
8 74 0.5354446321725845
8 75 0.5466071830855476
8 76 0.5839029106687992
8 77 0.5538969010114669
8 78 0.5401740789413452
8 79 0.5644018650054932
8 82 0.5304573178291321
8 83 0.5556060274442037
9 9 0.3714827620899833
9 10 0.5361160210200718
9 11 0.4051525243040588
9 12 0.5507247398296992
9 13 0.4745729680416922
9 14 0.5224505011682157
9 16 0.5065265409648418
9 17 0.5341558286121914
9 18 0.5224027931690216
9 19 0.4004943659739162
9 20 0.4878047630190849
9 22 0.5148379943872753
9 23 0.4950510362206503
9 25 0.4770899514357249
9 26 0.4357298389077187
9 27 0.4518486187015138
9 28 0.5160664418026021
9 29 0.50979712108771
9 31 0.5021551102399826
9 32 0.5187976360321045
9 33 0.5427453517913818
9 34 0.5372724754195061
9 35 0.5113870618475038
9 37 0.5439370777927527
9 38 0.5271702313423157
9 39 0.5188169007345756
9 40 0.5311964571475982
9 42 0.5951495948765013
9 44 0.5926775719438281
9 45 0.6294966638088226
9 46 0.5998997127308565
9 48 0.5735420882701874
9 52 0.6402230582066945
9 54 0.6227682903409004
9 55 0.6052312572797139
9 56 0.5880923800998263
9 57 0.6233382920424143
9 58 0.638349095412663
9 60 0.6126096194440668
9 62 0.5467362403869629
9 68 0.6377852100592393
9 69 0.5699351727962494
9 70 0.5817838907241821
9 71 0.5157700479030609
9 72 0.6202064558079369
9 75 0.6063142418861389
9 76 0.6175703371612771
9 77 0.5789988875389099
9 78 0.5567696690559387
9 82 0.5927248895168304
9 83 0.5633336454629898
10 10 0.2847637737942811
10 11 0.5452236612637837
10 12 0.2898151368647814
10 13 0.4515972887316058
10 14 0.5295733511447906
10 15 0.4389942735433578
10 16 0.4255842199159223
10 17 0.3598456164483922
10 18 0.3840158949073761
10 19 0.5496751666069031
10 20 0.4733514785766602
10 21 0.4693285524845123
10 22 0.4512252232858113
10 23 0.5029093623161316
10 24 0.3184559093071864
10 25 0.3368746059831609
10 26 0.4197061440826934
10 27 0.4900641888380051
10 28 0.4506812260506001
10 29 0.5168267190456389
10 30 0.3780200228095055
10 31 0.4477211534976959
10 32 0.4578607976436615
10 33 0.346819235808964
10 35 0.4544100037642888
10 36 0.3514512226055486
10 37 0.3626680125901272
10 38 0.3266775764917073
10 39 0.4979194855248487
10 41 0.2819316423636802
10 43 0.4561891681269595
10 44 0.4345058692353113
10 45 0.4747088998556137
10 48 0.3985148318435835
10 50 0.5116640888154507
10 55 0.5526382923126221
10 57 0.5744396448135376
10 59 0.4373270754630749
10 61 0.5090131106146847
10 66 0.4708095490932465
10 70 0.5244773626327515
10 72 0.5378153324127197
10 73 0.4268440812826156
10 74 0.5241696852094987
10 75 0.5027106387747659
10 79 0.515501177736691
10 82 0.4232825934886932
10 83 0.5005827397108078
11 11 0.3433931329306933
11 12 0.5474660067181838
11 13 0.5323566153143229
11 14 0.3838810350109891
11 16 0.5330214287553515
11 17 0.5402175188064575
11 18 0.5003959536552429
11 19 0.368980745921706
11 20 0.4952532351016998
11 21 0.4540814459323883
11 22 0.536011166870594
11 23 0.3559988771064752
11 24 0.5316891670227051
11 25 0.5176060386002064
11 26 0.5157511979341507
11 27 0.4717782943463716
11 28 0.5276530656898231
11 29 0.5448121428489685
11 31 0.509566605091095
11 32 0.4855465590953827
11 33 0.5592718124389648
11 34 0.5346223371369498
11 35 0.5331392473112928
11 37 0.5713328908183681
11 38 0.5497632076342901
11 39 0.489135729148984
11 40 0.5347443222999573
11 41 0.5435307025909424
11 42 0.5711537837982178
11 44 0.5852512816588084
11 45 0.593859851360321
11 46 0.5519092977046967
11 52 0.588161955277125
11 53 0.524348795413971
11 54 0.5700748818261283
11 55 0.5910728424787521
11 57 0.5873829821745554
11 58 0.6134144135883877
11 59 0.5933131575584412
11 60 0.58197805556384
11 63 0.5635494440793991
11 64 0.5535752177238464
11 68 0.6158626437187195
11 72 0.6056923468907675
11 75 0.6183757185935974
11 76 0.6077351984770402
11 77 0.5809200406074524
11 81 0.5938490033149719
11 82 0.5343997031450272
12 12 0.2974090098410683
12 13 0.4465367719531059
12 14 0.5071050375699997
12 17 0.4133043613122857
12 18 0.4884017606576284
12 19 0.5411086678504944
12 21 0.4905101018292563
12 22 0.5231407632430395
12 23 0.5080955486212458
12 24 0.2862759089926213
12 25 0.3943337091515141
12 26 0.31637993095449896
12 27 0.5318385243415833
12 28 0.43056211537785
12 29 0.5415301620960236
12 30 0.3001076257654599
12 31 0.4404625084839369
12 33 0.4962299355454203
12 34 0.4969048500061035
12 35 0.3920417129993439
12 36 0.3717753206308071
12 37 0.3779577575874009
12 38 0.4041585888475033
12 39 0.520084268280438
12 40 0.4641618772971728
12 41 0.2865856936201453
12 42 0.4353305511176586
12 43 0.4796219143951148
12 44 0.5165977693837265
12 45 0.5562343820929527
12 46 0.5387763447231717
12 47 0.5930821597576141
12 48 0.4559786652143185
12 50 0.4987163750024942
12 54 0.5647720098495483
12 55 0.5991494059562683
12 56 0.4963915149370829
12 57 0.5228559374809265
12 59 0.4362411538759867
12 60 0.5297859907150269
12 61 0.4685557961463928
12 62 0.4751578867435455
12 66 0.5037286182244619
12 70 0.5260083973407745
12 72 0.5577081333507191
12 73 0.4401724937889311
12 74 0.5081096351146698
12 75 0.4861381463209788
12 76 0.5450754165649414
12 77 0.5238331556320189
12 79 0.4822785576869701
12 80 0.4785451889038086
12 82 0.4777731224894524
12 83 0.532170295715332
13 13 0.3506808753208912
13 14 0.5002478723015104
13 15 0.5115193128585815
13 16 0.5143067693807245
13 17 0.4655778076913621
13 18 0.4922505179420114
13 19 0.5297213457524776
13 20 0.5043051197212569
13 21 0.5004307925701141
13 22 0.5202128956618818
13 23 0.4966483387080106
13 25 0.4837010017463139
13 26 0.4988074143018041
13 27 0.5005786021550497
13 28 0.3684638532552313
13 29 0.4911581955085962
13 31 0.2879175093024969
13 32 0.4997164160013199
13 33 0.4610680139331675
13 34 0.4834016501903534
13 35 0.4754320769001254
13 36 0.4849450960755348
13 37 0.4644959315027989
13 38 0.4646893521914116
13 39 0.4644081831307701
13 40 0.4451524872671474
13 41 0.4744204729795456
13 42 0.5549883842468262
13 44 0.5486508837113013
13 45 0.4730637967586517
13 46 0.5549778819084168
13 47 0.5056642293930054
13 50 0.5146769285202026
13 51 0.4859913289546967
13 53 0.4988312721252441
13 55 0.5585048496723175
13 57 0.5160240679979324
13 58 0.5876569598913193
13 60 0.5410752296447754
13 62 0.5505930483341217
13 63 0.5490555763244629
13 64 0.5649236440658569
13 69 0.5613692253828049
13 70 0.4880183488130569
13 71 0.5552359819412231
13 72 0.5619076732546091
13 74 0.4923840761184692
13 75 0.4978468332971845
13 76 0.5571021437644958
13 77 0.5605165362358093
13 78 0.5364404916763306
13 81 0.5602539777755737
13 82 0.5619976818561554
14 14 0.3122349975381311
14 15 0.5757534305254618
14 16 0.5393069982528687
14 19 0.4530714349500064
14 20 0.6025776654481888
14 21 0.4429789083078504
14 22 0.6084627690522567
14 23 0.4257376809532826
14 24 0.5234216153621674
14 25 0.5036616176366806
14 26 0.5080337648590406
14 27 0.5468057973517312
14 28 0.4772382438182831
14 29 0.547680275780814
14 31 0.4031933844089508
14 32 0.5671283602714539
14 33 0.5461457222700119
14 34 0.4926327250220559
14 35 0.5516394451260567
14 36 0.5688632726669312
14 37 0.5466414950788021
14 38 0.5835786394097588
14 39 0.3868778133655296
14 40 0.5519170910120009
14 41 0.5681852102279663
14 42 0.5535590979788039
14 43 0.5500366687774658
14 44 0.5505542159080505
14 45 0.4529895484447479
14 46 0.544744274020195
14 52 0.5517835915088654
14 54 0.5569107135136923
14 55 0.5723685820897421
14 56 0.6247038245201111
14 57 0.5471632182598114
14 58 0.5713675245642662
14 60 0.5685498118400574
14 61 0.5427636305491129
14 63 0.5120447278022766
14 64 0.5984669725100199
14 65 0.5319802761077881
14 68 0.6137793064117432
14 69 0.5506308078765869
14 70 0.5251660287380219
14 71 0.5492545962333679
14 72 0.5459218770265579
14 75 0.5335037310918173
14 76 0.5649814009666443
14 81 0.582658588886261
14 83 0.5268021039664745
15 15 0.3014817440346231
15 16 0.4863140874720634
15 17 0.4545910656452179
15 18 0.4733137488365173
15 20 0.3769546498924913
15 21 0.4081718042296799
15 22 0.3883696537545259
15 23 0.3553655354246016
15 24 0.479085236787796
15 25 0.4748625800013542
15 26 0.37685187110696705
15 27 0.3770278369117042
15 28 0.4875253736972809
15 29 0.4837838143110275
15 32 0.4826580037673314
15 33 0.4825310811400413
15 34 0.5320747769795932
15 35 0.47704098161230696
15 36 0.4693098152648507
15 37 0.4846540116644525
15 38 0.5122332370281221
15 39 0.5681248631742265
15 42 0.539117858540721
15 43 0.5491401086682859
15 44 0.5453131105750799
15 45 0.5642072943349681
15 46 0.5654368400573729
15 50 0.4903990935396265
15 51 0.5258575238679585
15 53 0.5764986872673035
15 55 0.5375340819358826
15 57 0.5715036392211914
15 59 0.4988063275814056
15 62 0.49768981337547297
15 63 0.54385557025671
15 64 0.5628652208692887
15 65 0.5316128730773926
15 69 0.5494644458804812
15 70 0.5250915119897074
15 71 0.564197649083069
15 72 0.5610579772601052
15 74 0.5170920304954052
15 75 0.5517339970817609
15 76 0.5597041782579923
15 77 0.5480017066001892
15 78 0.5400823985829073
15 81 0.5095434188842773
15 82 0.5538051327069601
15 83 0.5358726233243942
16 16 0.4080805279866868
16 17 0.4549271688785082
16 18 0.4257198982810771
16 19 0.5670603513717651
16 20 0.5091967131035315
16 21 0.4777857405798776
16 22 0.4533069745022826
16 23 0.5067535649452891
16 24 0.4747883304953575
16 25 0.4443489639754195
16 26 0.4756979703962566
16 27 0.5128611695881073
16 28 0.5149420481781627
16 29 0.5091194113683418
16 30 0.4366284310817719
16 31 0.4815138578414917
16 32 0.5057166963815689
16 33 0.4321391463682458
16 34 0.4966849188009898
16 35 0.4673141631815169
16 36 0.4577236153969639
16 37 0.4652072269269721
16 38 0.4896586500108242
16 39 0.5285488260643822
16 42 0.5332210751680228
16 43 0.5403987526893616
16 44 0.5227333094392504
16 45 0.5335673093795776
16 50 0.5292684424806524
16 51 0.5429989335437616
16 55 0.5731619000434875
16 57 0.5440964698791504
16 64 0.5603643258412679
16 65 0.5290846228599548
16 69 0.5583292245864868
16 70 0.5450418442487717
16 71 0.5320950210094452
16 72 0.5384222120046616
16 73 0.5377228359381357
16 74 0.5278611958026886
16 75 0.5440072480302589
16 76 0.5600442886352539
16 77 0.5224824547767639
16 78 0.5272613540291786
16 79 0.5106653273105621
16 83 0.5307984799146652
17 17 0.3363065713489105
17 18 0.3678288592332596
17 19 0.5664539337158203
17 20 0.4800647539751871
17 21 0.4865125318368276
17 22 0.4576153134306272
17 23 0.5016147394975027
17 24 0.4258364792223329
17 25 0.3746681532347181
17 26 0.4220860655734081
17 27 0.4995770752429962
17 28 0.4526461402575175
17 29 0.4754504760106404
17 30 0.4141266303403037
17 33 0.4281325263917939
17 35 0.4424761266758044
17 36 0.3898246452157348
17 37 0.4206490190365376
17 38 0.383067970474561
17 39 0.497506422655923
17 41 0.3392525613307953
17 42 0.5036924481391907
17 43 0.5332081066934686
17 44 0.5220832626024882
17 50 0.5249212682247162
17 51 0.4389251470565796
17 57 0.5537278056144714
17 59 0.5586884419123331
17 61 0.5244540364453287
17 66 0.5169139444828034
17 67 0.5229882597923279
17 69 0.5312491059303284
17 72 0.5413509209950765
17 73 0.5196954260269799
17 74 0.5264959288967981
17 75 0.5192955123617294
17 79 0.5210170487562815
17 83 0.5000399351119995
18 18 0.3568266939911047
18 20 0.4952626820181457
18 21 0.4882804751396179
18 22 0.4765996259326736
18 23 0.4924326464533806
18 24 0.4518922132750352
18 25 0.4239834763597419
18 26 0.4534970902609375
18 27 0.4955545616149902
18 28 0.4898337201744902
18 29 0.4932836644351483
18 30 0.4542313118775685
18 31 0.4735129028558731
18 32 0.4848450720310211
18 33 0.41403590470440405
18 34 0.48230352004369104
18 35 0.4501777452727159
18 36 0.4182734576752409
18 37 0.4571360550760253
18 38 0.4518819004297256
18 39 0.5257930122315884
18 42 0.518763946990172
18 43 0.4987194334205828
18 44 0.4909847259521484
18 45 0.5083232939243316
18 46 0.5718849897384644
18 48 0.4827682077884674
18 50 0.5337924621999264
18 51 0.510333946117988
18 55 0.5307754874229431
18 56 0.5325818657875061
18 61 0.5023265977700552
18 64 0.5457566777865092
18 65 0.5194495916366577
18 67 0.5248615071177483
18 69 0.5254665017127991
18 70 0.4882086515426636
18 71 0.5297823667526245
18 73 0.5481337944666544
18 74 0.5173083548584292
18 75 0.5300105841536271
18 77 0.4866668581962585
18 78 0.5279626846313477
18 79 0.508527914683024
18 83 0.5207603350281715
19 19 0.3406119991728511
19 22 0.5265895724296571
19 23 0.4050656081470725
19 27 0.4458801371355852
19 28 0.535021148622036
19 29 0.5490093032519022
19 31 0.4843003451824188
19 33 0.543071752244776
19 34 0.5376381278038025
19 35 0.5245690913695209
19 37 0.5520882937643263
19 38 0.5397738963365555
19 39 0.5209856696169952
19 40 0.5435443719228109
19 42 0.6282805502414703
19 44 0.6161123514175415
19 46 0.6121236426489693
19 50 0.6034077405929565
19 52 0.6482054645364935
19 54 0.5869665622711182
19 55 0.6349614560604095
19 56 0.5756097286939621
19 57 0.5942022601763407
19 58 0.6516209282773606
19 60 0.6168104737997055
19 61 0.5640771389007568
19 63 0.6593248844146729
19 68 0.6334909349679947
19 69 0.5638386905193329
19 70 0.5530171394348145
19 72 0.6373107544211454
19 76 0.6371005555478538
19 77 0.5893180072307587
19 78 0.5621964931488037
19 83 0.5032778382301331
20 20 0.38494422208935797
20 21 0.4797006535988588
20 22 0.4674347030887149
20 23 0.4958328672817775
20 25 0.4825664900665013
20 26 0.5029226215920839
20 27 0.4342230971551915
20 28 0.4842620225095037
20 29 0.4247747451547324
20 32 0.4600308825892787
20 33 0.4139454375571487
20 34 0.5503056581113853
20 35 0.5017936450455028
20 36 0.4735612777476075
20 37 0.5031229764982932
20 38 0.5205204984299222
20 39 0.5824441556791657
20 41 0.4953695237636566
20 42 0.5456488370895386
20 43 0.564909653230147
20 44 0.5492452805240949
20 45 0.5691859424114227
20 46 0.6063984433809916
20 50 0.5324422121047974
20 51 0.5335442450913516
20 53 0.5464157462120056
20 55 0.517683724562327
20 56 0.5151088237762451
20 57 0.5801108717918396
20 58 0.5339105129241943
20 63 0.5481483936309814
20 64 0.5632693407002028
20 65 0.5389643162488937
20 69 0.5519181631860279
20 70 0.5628698334097862
20 71 0.5594918866490208
20 72 0.5691415718261231
20 74 0.5177304446697235
20 75 0.55477374792099
20 76 0.5530334231646165
20 77 0.5407591561476389
20 78 0.5438315918048223
20 81 0.5684694647789001
20 82 0.551429033279419
20 83 0.5491823421584235
21 21 0.3459170523294225
21 22 0.5320037549192255
21 23 0.4369782052928434
21 24 0.5180301569929027
21 25 0.4891846962273121
21 26 0.4363595806692203
21 27 0.5102974112315845
21 28 0.4802542459219694
21 29 0.48424842394888395
21 30 0.4886654615402222
21 32 0.4994442860285441
21 33 0.4863554835319519
21 34 0.4539313614368439
21 35 0.4889944156533794
21 36 0.4938171356916428
21 37 0.4909209114940543
21 38 0.5399345457553864
21 39 0.48079637402579906
21 40 0.4913464784622192
21 41 0.4960125923156739
21 42 0.5407143925365648
21 43 0.5440547040530613
21 44 0.5437290509541829
21 45 0.5478099187215171
21 46 0.5859855264425278
21 48 0.547114908695221
21 50 0.4845656752586365
21 51 0.5296935687462488
21 55 0.5314140915870667
21 57 0.5638143585787879
21 58 0.6274163126945496
21 59 0.5120347738265991
21 61 0.5396901667118073
21 62 0.5759323239326477
21 63 0.5781213641166687
21 64 0.5679518171521121
21 67 0.4782005846500397
21 68 0.5748326182365417
21 69 0.5732149025973152
21 70 0.5123776779777702
21 71 0.5679384594162306
21 72 0.553737336589444
21 73 0.5530162751674652
21 74 0.5337659205709185
21 75 0.5469672553679522
21 76 0.5582090399482034
21 77 0.5584721744060517
21 78 0.5244650195042292
21 79 0.4755925834178925
21 82 0.5272331237792969
22 22 0.3924125019196752
22 23 0.5196814100916792
22 25 0.4727698725288834
22 26 0.4576842626786314
22 27 0.5189187457136686
22 28 0.5144746644422412
22 29 0.4905395642504678
22 30 0.4474608600139618
22 31 0.5075512528419495
22 32 0.4804393015801907
22 33 0.4336971879794898
22 34 0.5398723487816159
22 35 0.4932867280762365
22 36 0.4694728126097177
22 37 0.4840247131775094
22 38 0.5218007246653239
22 39 0.5780885277962198
22 40 0.5223721166451772
22 42 0.5522086186842485
22 43 0.5580559645010077
22 44 0.5503137677907943
22 45 0.5791049904766536
22 46 0.5701428155104319
22 50 0.5416411260763804
22 51 0.5397528213389376
22 53 0.5930517315864563
22 55 0.5493780573209127
22 56 0.5417629182338715
22 57 0.5572479367256165
22 62 0.5068154335021973
22 64 0.5799841860245014
22 65 0.5324832797050476
22 69 0.5630191469039673
22 70 0.5682501633252416
22 71 0.571146548143783
22 72 0.5677275627851486
22 73 0.5555652379989624
22 74 0.5224838879975405
22 75 0.5682160219475001
22 76 0.5722978711128235
22 77 0.5790298779805502
22 78 0.5506831407546997
22 79 0.4964112937450409
22 81 0.5542131066322327
22 82 0.4869325757026672
22 83 0.5484235978279358
23 23 0.3401796458809923
23 24 0.5205880903972769
23 25 0.4996096950930518
23 26 0.5063692322740816
23 27 0.3982028827728086
23 28 0.4922667489103649
23 29 0.4845902068713276
23 30 0.4920271337032318
23 31 0.4525014400482178
23 32 0.4882285550236702
23 33 0.4952505756232698
23 34 0.5275912995521839
23 35 0.4895423089663188
23 36 0.4886267064956197
23 37 0.5110654255678487
23 38 0.5213204788607221
23 39 0.4662637607656794
23 40 0.5315761864185333
23 41 0.5051455085094159
23 42 0.5592396132647991
23 43 0.5691161292294661
23 44 0.5822447020074596
23 45 0.5720760583877563
23 46 0.5773914057604024
23 47 0.539056196808815
23 48 0.5468530654907227
23 49 0.5672828853130341
23 50 0.5493397712707521
23 51 0.5594664663076401
23 52 0.6270248889923096
23 53 0.5540891587734222
23 54 0.590626218626576
23 55 0.5791964870360162
23 56 0.5702120860417684
23 57 0.557176781066677
23 58 0.6234921673613211
23 59 0.5329520404338837
23 60 0.5986529610775135
23 61 0.5355553328990936
23 62 0.5565653223058452
23 63 0.5658225603401661
23 64 0.566092262074754
23 65 0.5744043588638306
23 67 0.5369053781032562
23 68 0.6367764848249929
23 69 0.5704622930657547
23 70 0.5408992659714487
23 71 0.5662120596929029
23 72 0.5847553997582442
23 73 0.5579882383346557
23 74 0.5427717963854471
23 75 0.557482093816898
23 76 0.5918340295650283
23 77 0.5618753361701966
23 78 0.5550961530208588
23 79 0.5312343537807465
23 80 0.5396990776062012
23 81 0.5790432492891947
23 82 0.5736803213755289
23 83 0.5573373202766689
24 24 0.3278979754023668
24 25 0.4325186489996585
24 26 0.3648486270496649
24 27 0.5250809192657471
24 28 0.4948099702596664
24 30 0.3833898561341422
24 31 0.4757179021835327
24 33 0.3336318272352219
24 34 0.4816158711910248
24 35 0.44871602004224603
24 36 0.4271709201857448
24 37 0.3526106404255977
24 39 0.5158131122589111
24 41 0.3128109924415106
24 42 0.5071610361337662
24 43 0.5357752767476168
24 44 0.4584214985370636
24 45 0.516343891620636
24 48 0.4095597565174103
24 50 0.5549418438564647
24 51 0.5060312747955322
24 57 0.5221681594848633
24 59 0.4498805925250053
24 61 0.5000483793998832
24 65 0.4774262607097626
24 66 0.5360779549394336
24 67 0.5074156373739243
24 69 0.565022349357605
24 72 0.5306589603424072
24 73 0.4933284819126129
24 74 0.5392539262771606
24 75 0.5190485913019914
24 76 0.6291924118995667
24 79 0.495373272895813
24 82 0.5316787362098694
25 25 0.3810356657549601
25 26 0.4244368945168028
25 27 0.4755065618677342
25 28 0.4872280144414237
25 29 0.4827855875094731
25 30 0.3047330298771461
25 32 0.4848427474498749
25 33 0.4308179865477114
25 34 0.4849423899732787
25 35 0.44063123357142503
25 36 0.4166418041312258
25 37 0.4191264033553158
25 38 0.4225328336159388
25 39 0.4894815936233058
25 40 0.4573699682950974
25 41 0.3721119339267413
25 42 0.5180947289548137
25 43 0.5264323764122449
25 44 0.5169001647862055
25 45 0.5246935953696569
25 46 0.5082943439483643
25 47 0.5490442514419556
25 48 0.5046387553215027
25 50 0.5377544964283285
25 51 0.5327512363749226
25 53 0.4991468787193298
25 55 0.5371052722136179
25 57 0.5325221419334412
25 59 0.5095608452955882
25 61 0.5137507345108007
25 62 0.5313881635665894
25 63 0.5307224988937378
25 64 0.54410536180843
25 65 0.5247610203921795
25 66 0.5180086811720315
25 67 0.5197779570634549
25 69 0.527720607817173
25 70 0.533455320766994
25 71 0.5132670491933823
25 72 0.5395819246768951
25 73 0.5314950183585838
25 74 0.5216205474813428
25 75 0.5311525833841038
25 76 0.5557643473148346
25 77 0.5057892799377441
25 78 0.5231745839118958
25 79 0.5170403718948364
25 82 0.5050719976425171
25 83 0.5074462856237705
26 26 0.3712768955372281
26 27 0.5217126787405962
26 28 0.4951078111634535
26 29 0.4828845169395208
26 30 0.3057205511097102
26 32 0.5025948584079742
26 33 0.4445868536829948
26 34 0.5114364685471525
26 35 0.47397996233114703
26 36 0.4572370630737982
26 37 0.4500379046600331
26 38 0.4891784959275958
26 39 0.5375437587499619
26 40 0.5104997108379999
26 41 0.3560688304049628
26 42 0.5398905993347437
26 43 0.5369842354680451
26 44 0.5306349795653049
26 45 0.5452617536219515
26 46 0.5703578386455774
26 48 0.4653718560934067
26 49 0.5222216248512268
26 50 0.5289440640139655
26 51 0.5516530335472342
26 53 0.5361974537372589
26 55 0.5460058239599069
26 56 0.5288486480712891
26 57 0.5338226343904223
26 58 0.5755457580089569
26 59 0.506737619638443
26 60 0.5205613374710083
26 61 0.4854808415915515
26 62 0.5396091504530474
26 63 0.5718860626220703
26 64 0.5560184528188008
26 65 0.537728880331895
26 66 0.5136090523384987
26 67 0.5260878613591194
26 68 0.5833980441093445
26 69 0.5471186801499012
26 70 0.5408573390478157
26 71 0.5591609662420609
26 72 0.5546444406112035
26 73 0.5310003387850599
26 74 0.5301936306163129
26 75 0.5520076094653239
26 76 0.5531761827213424
26 77 0.5277996394369338
26 78 0.5519309815238503
26 79 0.5050982501771715
26 82 0.5167520833866937
26 83 0.5304208857433819
27 27 0.3935070450781137
27 28 0.4955269799434713
27 29 0.4609683976061885
27 31 0.489277184009552
27 32 0.4763276460527003
27 33 0.4879479095426916
27 34 0.5321249804469976
27 35 0.4972709822292819
27 36 0.4911099818925704
27 37 0.5093037886818017
27 38 0.5201815847555796
27 39 0.5328358225075596
27 40 0.5231811934047275
27 41 0.5654891729354858
27 42 0.5706103762914968
27 43 0.5780466198921204
27 44 0.5783335385578019
27 45 0.5620954811573029
27 46 0.5904518104436105
27 47 0.5691982358694077
27 49 0.543895423412323
27 50 0.5623798455510821
27 51 0.5505367192355071
27 52 0.6360049532218413
27 53 0.5260521769523621
27 54 0.5878335927662096
27 55 0.5833200126886368
27 56 0.5703953334263393
27 57 0.5794729139655829
27 58 0.6236315785335893
27 59 0.557535707950592
27 60 0.5937230657128727
27 62 0.5611645927031835
27 63 0.5853134502064098
27 64 0.57200485547917
27 65 0.5244930684566498
27 66 0.5271481871604919
27 67 0.5586367845535278
27 68 0.6312800894180933
27 69 0.5717927988310506
27 70 0.5609519913125394
27 71 0.564443420045651
27 72 0.5904611680039599
27 73 0.555930495262146
27 74 0.5348009541630745
27 75 0.5666572046034115
27 76 0.5923471732442731
27 77 0.5647025139016264
27 78 0.5611400743946433
27 80 0.538548082113266
27 81 0.5859181880950928
27 82 0.5777667562166849
27 83 0.5463078345390077
28 28 0.3415559720881929
28 29 0.4411575816438402
28 31 0.3269179473843491
28 32 0.3551124883815646
28 33 0.4101742364305143
28 34 0.4943028853999244
28 35 0.4705620373592896
28 36 0.497781240940094
28 37 0.4511098067163236
28 38 0.4511272254444304
28 39 0.4603805925494941
28 40 0.4243304337325849
28 41 0.4713858515024185
28 42 0.5540222402276664
28 43 0.5931240022182465
28 44 0.565351665019989
28 45 0.5544649809598923
28 46 0.564417386596853
28 47 0.5582026541233063
28 51 0.5197367668151855
28 52 0.5972916483879089
28 54 0.5103546380996704
28 55 0.5722729989460537
28 57 0.5504476130008698
28 58 0.5830916643142701
28 60 0.529286801815033
28 62 0.5693608224391937
28 64 0.5586992899576823
28 69 0.563877774136407
28 70 0.5261428117752075
28 71 0.5408808887004852
28 72 0.5595439600222039
28 73 0.5093658566474915
28 75 0.5354849885810505
28 76 0.5658906073797316
28 77 0.5619785785675049
28 78 0.5710180997848511
28 81 0.5530073046684265
28 82 0.5632127404212952
28 83 0.5192979673544565
29 29 0.3804997507342208
29 32 0.4169375604391098
29 33 0.4146826326642249
29 34 0.5194928124547005
29 35 0.4565184189484465
29 36 0.4442449054784245
29 37 0.4774537445310765
29 38 0.4911028455043661
29 39 0.5298913808969351
29 42 0.5484884210995266
29 43 0.5565870160406287
29 44 0.5662527855704812
29 45 0.5641458630561829
29 46 0.5726658966806201
29 50 0.5000353008508682
29 51 0.5339356958866119
29 55 0.5617225567499796
29 57 0.5578965269602262
29 62 0.5304276049137115
29 63 0.5439952313899994
29 64 0.5538689310059828
29 66 0.5216832756996155
29 67 0.5108980536460876
29 69 0.5622424742449885
29 70 0.528632934888204
29 71 0.5510434848921639
29 72 0.5508652200753038
29 73 0.5385140776634216
29 74 0.5412755012512207
29 75 0.5338917063630145
29 76 0.5605786968679989
29 77 0.5394093123349276
29 78 0.5337479071957725
29 81 0.5621548493703207
29 82 0.5364521861076355
30 30 0.2466584044147511
30 33 0.4204745988051097
30 34 0.5256619453430176
30 35 0.4366246163845062
30 36 0.4101144751986942
30 37 0.3914315899213155
30 41 0.3388501644134522
30 42 0.5110188126564026
30 43 0.5040126177999709
30 44 0.4908157587051392
30 48 0.3678997755050659
30 57 0.5412681102752686
30 59 0.5118147358298302
30 61 0.4864197625563695
30 66 0.5035633274487087
30 72 0.5442401766777039
30 73 0.4792561266157362
30 74 0.5299853801727294
30 75 0.5078367450171046
30 79 0.49782863010962797
31 31 0.3160084633797896
31 32 0.4871487319469452
31 33 0.3748269823512861
31 34 0.4750243127346039
31 35 0.4840870248892951
31 37 0.4374014237155653
31 38 0.4516155496239662
31 39 0.427574769353235
31 40 0.3554228615802291
31 41 0.5088982582092285
31 44 0.5500632578676398
31 45 0.5506190061569214
31 46 0.5651653409004211
31 47 0.5804532170295715
31 48 0.5311776518821716
31 50 0.5258481502532959
31 53 0.4909138083457947
31 62 0.5308991074562073
31 73 0.5529706478118896
31 74 0.5040225982666016
32 32 0.3089670244573562
32 33 0.3696857706579582
32 35 0.4692318638165792
32 36 0.4718181192874908
32 37 0.4461373401724774
32 39 0.5187589625517527
32 42 0.5349737405776978
32 43 0.5377296805381775
32 44 0.5800783336162567
32 46 0.5722590684890747
32 55 0.5589047074317932
32 57 0.5182150602340698
32 58 0.5926207900047302
32 69 0.5631826072931291
32 70 0.5552752017974854
32 72 0.5339636305967966
32 75 0.5698510408401489
32 76 0.5527706265449523
32 77 0.5586661299069723
32 78 0.5560385584831238
33 33 0.3729146876322429
33 34 0.5185807198286057
33 35 0.4935997917931131
33 36 0.3966528778446132
33 37 0.4164799704678415
33 38 0.4920808076858521
33 39 0.4968823840220769
33 40 0.2911085732281208
33 41 0.3704655502330173
33 42 0.5456826961957492
33 43 0.555197407801946
33 44 0.5715958699584007
33 45 0.5219141840934753
33 46 0.5533320705095927
33 47 0.5806399583816528
33 48 0.3961942692597707
33 49 0.5889898538589478
33 50 0.4846445066588266
33 51 0.5219320058822632
33 55 0.587994654973348
33 57 0.5875348091125489
33 58 0.58307746052742
33 59 0.3930485248565674
33 61 0.48132801055908203
33 62 0.5210416913032532
33 64 0.5679275870323182
33 65 0.532294511795044
33 68 0.6474012136459351
33 69 0.5661790817975998
33 70 0.500055730342865
33 71 0.5369660556316376
33 72 0.5777765918861736
33 73 0.4398990929126739
33 74 0.5179311186075211
33 75 0.527167912139449
33 76 0.5662178030380836
33 77 0.552372682094574
33 78 0.5498890280723572
33 79 0.4621446430683136
33 81 0.5821046233177185
33 82 0.5788440108299255
33 83 0.4884793063004811
34 34 0.3107010798796159
34 35 0.4424302625955115
34 36 0.5131168199910058
34 37 0.5030239967393203
34 38 0.4633445179178601
34 39 0.4989987484565595
34 40 0.5168884353978294
34 42 0.4465806023079968
34 43 0.5176127452302623
34 44 0.4861054420471191
34 45 0.5234683237132236
34 46 0.4944039249703998
34 47 0.4763241350650788
34 50 0.4994314163923264
34 51 0.506710684299469
34 53 0.4816930913008176
34 55 0.5398164228959517
34 56 0.5187152028083801
34 57 0.5140979928629739
34 58 0.535157839457194
34 60 0.5294503172238668
34 62 0.5198658108711243
34 63 0.4870942950248718
34 64 0.5482916689437368
34 65 0.5167268872261047
34 66 0.4918724298477173
34 67 0.5255144834518433
34 68 0.5336383581161499
34 69 0.5460595623139413
34 70 0.5295215646425883
34 71 0.5487014029337012
34 72 0.5435954829057058
34 74 0.4998957770211356
34 75 0.518721604219047
34 76 0.5383098876476288
34 78 0.5383807619412739
34 79 0.4567596614360809
34 80 0.5275163054466248
34 82 0.5037155896425247
34 83 0.3716127972206172
35 35 0.4072407369182344
35 36 0.4076151589170313
35 37 0.4566927049166101
35 38 0.4014298229345253
35 39 0.4941223263986433
35 40 0.4662934928609614
35 41 0.3916118705973906
35 42 0.3926519549990955
35 43 0.5219018697738648
35 44 0.5442075609199463
35 45 0.5427790119292888
35 46 0.5598644106476395
35 47 0.5498259663581848
35 48 0.45831391215324396
35 49 0.5451382249593735
35 50 0.5088612494316507
35 51 0.5337896498671749
35 52 0.5740712285041809
35 53 0.5368999540805817
35 54 0.5349558144807816
35 55 0.5374832118258757
35 56 0.5445781548817953
35 57 0.5397642501469316
35 58 0.556659609079361
35 59 0.4723298251628876
35 60 0.5844910740852356
35 61 0.5069235662619272
35 62 0.5431871513525645
35 63 0.5410759449005127
35 64 0.5504405832872158
35 65 0.5213830359280109
35 66 0.5308459401130676
35 67 0.5167520232498646
35 69 0.5553056070437798
35 70 0.525530481338501
35 71 0.5458242236557653
35 72 0.553353169134685
35 73 0.5436302887068855
35 74 0.5192527587109423
35 75 0.5316971653740701
35 76 0.5588874587168297
35 77 0.5416040155622694
35 78 0.5488182714110926
35 79 0.5136065483093262
35 81 0.5410640069416591
35 82 0.5711102584997813
35 83 0.4837453187826802
36 36 0.3585236908446528
36 37 0.4209341224125975
36 38 0.3438815709283883
36 39 0.584121696340541
36 40 0.4975937902927399
36 41 0.3588392625634487
36 42 0.5098381653183797
36 43 0.5283533367845747
36 44 0.4978760100073285
36 45 0.528522939844565
36 46 0.5626079857349395
36 48 0.4917644097616798
36 49 0.5375897288322449
36 50 0.5224200991067021
36 51 0.5414901652756859
36 53 0.6108193099498749
36 55 0.5411129355430603
36 56 0.5116590112447739
36 57 0.5572271496057509
36 58 0.5504457950592041
36 59 0.4887010768055916
36 61 0.501737183016358
36 64 0.5504063184444721
36 65 0.5325173503822751
36 66 0.4904321943010603
36 67 0.5136012231048784
36 69 0.5452532798051835
36 70 0.5627811763967786
36 71 0.5434155923289221
36 72 0.5546987156073252
36 73 0.5094433851540089
36 74 0.517228023719418
36 75 0.5301613370577495
36 76 0.5572082454508002
36 77 0.5254247486591339
36 78 0.5261001984278361
36 79 0.4958933775915819
36 80 0.5554215312004089
36 82 0.4792612620762416
36 83 0.5355821380327488
37 37 0.3528560950307791
37 38 0.3111220039784794
37 39 0.5262375289180373
37 40 0.4462062456668952
37 41 0.2841807192980998
37 42 0.535988379838103
37 43 0.5171255190526286
37 44 0.5571340934226388
37 45 0.5680916492755597
37 46 0.5789664089679718
37 47 0.6154634654521942
37 48 0.5041390597820282
37 49 0.5148912072181702
37 50 0.5045377459636954
37 51 0.5255474117067125
37 52 0.6050561964511871
37 54 0.5701629178864616
37 55 0.5700565417607625
37 56 0.5512876957654953
37 57 0.5799360381018731
37 58 0.5950264583031336
37 59 0.5144588053226471
37 61 0.4995264932513237
37 62 0.5680261850357056
37 63 0.5752302557229996
37 64 0.5586978594462076
37 65 0.5288161900308397
37 66 0.5223964537893023
37 67 0.5262042999267578
37 68 0.587346076965332
37 69 0.5627423897385597
37 70 0.5532759797005427
37 71 0.5490747877529689
37 72 0.5835894029752343
37 73 0.5071809959411621
37 74 0.5193141099325446
37 75 0.5266459696232133
37 76 0.5803760311182807
37 77 0.5628497548725294
37 78 0.5607796013355255
37 79 0.5204500986470116
37 81 0.5792011618614197
37 82 0.5635289490222931
37 83 0.5223701331350539
38 38 0.3450439671054483
38 39 0.5447985934997033
38 40 0.5208295513186935
38 41 0.2833328490646986
38 42 0.4911492431865019
38 43 0.5246384521325429
38 44 0.5810617529878429
38 45 0.5543167690436045
38 46 0.5884310007095337
38 47 0.5793439149856567
38 48 0.5600928099531877
38 50 0.4818808337052663
38 51 0.5490516424179077
38 53 0.5140068531036377
38 54 0.5135762095451355
38 55 0.5605635472706386
38 56 0.5230000838637352
38 57 0.5536307319998741
38 58 0.5841581583023071
38 61 0.4684846699237823
38 62 0.5076522727807363
38 63 0.5485023856163025
38 64 0.5792776942253113
38 67 0.4844342470169067
38 68 0.5489667057991028
38 69 0.5836090296506882
38 70 0.5955016215642294
38 71 0.5408837497234344
38 72 0.55979652206103
38 74 0.5166485607624054
38 75 0.5557282740871111
38 76 0.577030748128891
38 77 0.5545303821563721
38 78 0.5499663949012756
38 79 0.4822579622268677
38 80 0.4758884161710739
38 82 0.6115475098292033
38 83 0.5127670827664828
39 39 0.4308276822156327
39 40 0.4692910990071675
39 41 0.6121218204498291
39 42 0.540204407745286
39 43 0.5811950308935983
39 44 0.5779336220339725
39 45 0.572390528395772
39 46 0.5705626146948856
39 47 0.5415717826949226
39 48 0.526103176176548
39 50 0.5811600685119629
39 51 0.5929209391276041
39 52 0.6213004350662231
39 53 0.5202165395021439
39 54 0.5590374320745468
39 55 0.5690758270876748
39 56 0.5427832106749216
39 57 0.5801481422450807
39 58 0.5968727132548457
39 60 0.5752486228942871
39 61 0.5018110275268555
39 62 0.5651562362909317
39 63 0.5252506335576376
39 64 0.5923446037552573
39 68 0.6062684804201126
39 69 0.5840810537338257
39 70 0.5199550613760948
39 71 0.5740247443318367
39 72 0.582940887497819
39 74 0.5526379346847534
39 75 0.5631045032950008
39 76 0.5897726961906921
39 77 0.5652757717503442
39 78 0.5565836131572723
39 80 0.5350781679153442
39 81 0.6041161318620046
39 82 0.575495149408068
39 83 0.5264241037132976
40 40 0.4251883024020315
40 41 0.4647069488252912
40 42 0.4174099788069725
40 43 0.608028918504715
40 44 0.5763978925016191
40 45 0.5520849823951721
40 47 0.5882444679737091
40 52 0.5910754799842834
40 60 0.5876498818397522
40 69 0.5858204960823059
40 70 0.5220118761062622
40 72 0.59122767051061
40 76 0.5699978470802307
40 77 0.5443045496940613
40 82 0.6112436056137085
40 83 0.4970700442790985
41 41 0.3079338546965149
41 42 0.4993917793035507
41 43 0.4060272120294117
41 44 0.4508307942977318
41 45 0.5186973631381988
41 47 0.5339333415031433
41 48 0.3947309189820075
41 50 0.4637417693932851
41 56 0.4582924097776413
41 59 0.38712953329086297
41 61 0.4165581494569778
41 73 0.4444758594036102
41 74 0.4767740219831467
41 75 0.4728845258553823
41 77 0.4753690759340922
41 79 0.4835314750671387
41 82 0.3621582448482513
42 42 0.3787030174358781
42 43 0.3972409594973834
42 44 0.4537094742231314
42 45 0.4163874834442565
42 46 0.5074994291988334
42 47 0.493239936809386
42 48 0.3513834871150352
42 49 0.5356644690036774
42 50 0.4700933409063783
42 51 0.4605969630487978
42 52 0.5239370307501625
42 53 0.48581464196506297
42 54 0.5074619549725737
42 55 0.4942104255451876
42 56 0.4836872240953278
42 57 0.5065726984905291
42 58 0.5430057701502463
42 59 0.4429273394246896
42 60 0.5529583550251282
42 61 0.4489996582269669
42 62 0.4741062868673068
42 63 0.4968064339721904
42 64 0.5150657522077321
42 65 0.4615596033194486
42 66 0.4111125705142816
42 67 0.4439336135324123
42 68 0.5536803804776248
42 69 0.5141218907942317
42 70 0.4870243863812808
42 71 0.5081290767746927
42 72 0.5051589361999346
42 73 0.4454383083752224
42 74 0.434722607946161
42 75 0.4804107843983932
42 76 0.5086336982746918
42 77 0.4779771476984024
42 78 0.4786196264846266
42 79 0.4224761068820954
42 80 0.4702383974163802
42 81 0.47405628859996796
42 82 0.4461463482483574
42 83 0.4530584181222734
43 43 0.3399104861299826
43 44 0.39827713143789095
43 45 0.4726578262429567
43 46 0.568868412655227
43 47 0.5328309072388543
43 48 0.3435660915661461
43 49 0.5041987697283427
43 50 0.4828720202048621
43 51 0.4487662740497096
43 54 0.5151199102401733
43 55 0.502729218380124
43 56 0.4871217608451843
43 57 0.4839324653148651
43 58 0.5330519825220108
43 59 0.330520637538455
43 60 0.5215269029140472
43 61 0.3826856381363339
43 62 0.5076263116465675
43 63 0.6063413470983505
43 64 0.5084646658764945
43 65 0.4431464063983432
43 66 0.3804402444393012
43 67 0.4167131269695582
43 69 0.4905159632801573
43 70 0.4890816119210473
43 71 0.483503673398545
43 72 0.514485028386116
43 73 0.4249856932596727
43 74 0.4139872014909237
43 75 0.4666391137499173
43 76 0.5079585015773773
43 77 0.4850472074288588
43 78 0.4798300612717867
43 79 0.3949500092250459
43 80 0.4749199151992798
43 81 0.4858014509081841
43 82 0.4187380756650652
43 83 0.5176865748870068
44 44 0.3667943526323111
44 45 0.356432127058506
44 46 0.5191005183209618
44 47 0.4304072471225963
44 48 0.2934805505344125
44 49 0.4973884478211403
44 50 0.4344552769325674
44 51 0.4380819610099203
44 52 0.547899529337883
44 53 0.4033962935209274
44 54 0.5263226850360048
44 55 0.5166778021795865
44 56 0.4722724113775336
44 57 0.5307248234748839
44 58 0.5623151278959777
44 59 0.3722681111533834
44 60 0.5665007719287166
44 61 0.2987788100575292
44 62 0.4700664336528253
44 63 0.5296184366399591
44 64 0.5185640073648774
44 65 0.4279032929246778
44 66 0.4149810274657996
44 67 0.449491302172343
44 68 0.5541380601269859
44 69 0.4990500452102355
44 70 0.4997292906045914
44 71 0.4747674811764833
44 72 0.5344406664371489
44 73 0.3406630949687588
44 74 0.4098354631670201
44 75 0.4442251709629841
44 76 0.5204553311331229
44 77 0.4424060728170175
44 78 0.456922219122383
44 79 0.3709044105866376
44 80 0.4022169035591491
44 81 0.4430035799741745
44 82 0.3779005012802785
44 83 0.4749731823801994
45 45 0.4274883473566336
45 46 0.5624179210336435
45 47 0.5185653960162943
45 48 0.3351092817990676
45 49 0.4893177002668381
45 50 0.4660977549277819
45 51 0.483203207269127
45 54 0.5329055190086365
45 55 0.5154602332990996
45 56 0.4809333277600152
45 57 0.547044575214386
45 58 0.5406669908099704
45 59 0.3720972269773483
45 60 0.5284994790951411
45 62 0.5018406595502581
45 63 0.4501401484012604
45 64 0.5396834284067153
45 65 0.4650345617219022
45 66 0.4254340559244156
45 67 0.4443392120301723
45 69 0.5451212123632431
45 70 0.533959434582637
45 71 0.5268811747171472
45 72 0.5294135894094195
45 73 0.4284597486257553
45 74 0.4295426982420462
45 75 0.4814300385748481
45 76 0.5331671978746142
45 77 0.486132699996233
45 78 0.5062210508755275
45 79 0.3806678156057994
45 80 0.4113572090864182
45 81 0.4754185080528259
45 82 0.4601955085992813
45 83 0.5009678253723729
46 46 0.3950645488670288
46 47 0.4600885380469755
46 49 0.5162875726819038
46 50 0.5475140128816877
46 51 0.5313242610011782
46 52 0.5066024057174984
46 53 0.3590500243403044
46 54 0.3728912980008273
46 55 0.515009730420214
46 56 0.4291794740861946
46 57 0.4853315630317789
46 58 0.5335755171412129
46 59 0.4853013455867767
46 60 0.4803848183757561
46 61 0.5346942941347758
46 62 0.4701618929983865
46 63 0.3707893271744251
46 64 0.5978733680465005
46 65 0.5241674602031707
46 67 0.5138365030288696
46 68 0.505867820294177
46 69 0.5726091464360555
46 70 0.5511861834675074
46 71 0.5765118792832616
46 72 0.5050005724555567
46 73 0.5714458227157593
46 74 0.4848539943878467
46 75 0.5349826086969937
46 76 0.5329066862662634
46 77 0.4771009514729182
46 78 0.5199137540424571
46 79 0.4206173717975616
46 80 0.400507273321802
46 81 0.5189253091812134
46 82 0.4995585463941097
46 83 0.4918512784772449
47 47 0.4101942856660933
47 48 0.4616919954617818
47 52 0.4882118552923203
47 53 0.2807641211191463
47 54 0.376313356252817
47 55 0.5188011638820171
47 56 0.3977535460144281
47 57 0.475926861166954
47 58 0.5419093010326227
47 59 0.38986697793006897
47 60 0.5280526846647262
47 61 0.4695568134387334
47 62 0.4036783472351406
47 63 0.3938563726842403
47 64 0.5405437350273132
47 68 0.5408241152763367
47 69 0.5590372681617737
47 70 0.5808224678039551
47 71 0.5198895484209061
47 72 0.5252663344144821
47 74 0.4823213517665863
47 75 0.5078229655822118
47 76 0.534433901309967
47 77 0.4065896826131003
47 78 0.5050277709960938
47 79 0.4906332194805145
47 80 0.3507626947414662
47 82 0.3764386061917652
47 83 0.512704050540924
48 48 0.2645144673164733
48 50 0.4234905941732999
48 55 0.4629025161266327
48 56 0.4379925578832626
48 57 0.5152851529419422
48 59 0.2802492467368521
48 60 0.5346190333366394
48 61 0.29359554375211405
48 62 0.4569717347621918
48 63 0.5138695240020752
48 70 0.4698994864117015
48 72 0.5314912348985672
48 73 0.3439790608851533
48 74 0.3927619208892186
48 75 0.3569844676689668
48 76 0.4862155765295029
48 77 0.4586841464042664
48 79 0.3213400542736053
48 80 0.3969005048274994
48 82 0.3573175414573927
49 49 0.3717504249784747
49 50 0.4503785073757172
49 51 0.5297903319199879
49 52 0.49663391709327703
49 54 0.5150575041770935
49 55 0.4459293142512993
49 56 0.4830576910901426
49 57 0.5268505692481995
49 58 0.5219624370336533
49 60 0.4711316078901291
49 62 0.4302850166402637
49 65 0.5173980593681335
49 66 0.4958700239658356
49 67 0.4885827809572221
49 68 0.5417150656382242
49 69 0.4961230456829071
49 71 0.5280700602701732
49 72 0.5113284190495809
49 74 0.4753973131830042
49 75 0.4727963081427983
49 76 0.5039093419909477
49 77 0.3948455674967296
49 78 0.4477658716993777
49 81 0.4820365607738495
49 82 0.4805463308637792
50 50 0.4122145264313139
50 51 0.5004007220268251
50 53 0.5532007813453674
50 55 0.5372115969657898
50 56 0.4885814785957336
50 57 0.5361358140416713
50 59 0.3886551194720798
50 61 0.4284405889255661
50 63 0.5322847619652749
50 64 0.4757446023754607
50 65 0.4679549997267516
50 66 0.4344522356987
50 67 0.4696433591215234
50 69 0.4959811642765999
50 70 0.4559605958779435
50 71 0.4817592957988381
50 72 0.507996792071744
50 73 0.4539180890291552
50 74 0.4811637787907212
50 75 0.4136550278426101
50 76 0.5056542992591858
50 77 0.4708436727523804
50 78 0.5276636679967245
50 79 0.4148909896612167
50 82 0.4378534704446793
50 83 0.5253073573112488
51 51 0.4142991194012625
51 54 0.4910416305065155
51 55 0.5344814230423657
51 56 0.5063100578171191
51 57 0.5535669326782227
51 59 0.4755752235651016
51 62 0.5248630931552168
51 64 0.5262005726496378
51 65 0.4623093549893281
51 66 0.409887433052063
51 67 0.4772377952616266
51 68 0.5338365733623505
51 69 0.5154266067865221
51 70 0.5253159602483114
51 71 0.4764809679751726
51 72 0.4925368626912435
51 73 0.4180883765220642
51 74 0.45830633087293393
51 75 0.47601126405566707
51 76 0.5228891940787435
51 77 0.5143040160338084
51 78 0.5276552738083733
51 79 0.4536562114953995
51 81 0.5327587127685547
51 82 0.4940470258394877
51 83 0.5295780450105667
52 52 0.3709681121943748
52 53 0.5157020092010498
52 54 0.48854945919343395
52 55 0.5124874072415488
52 56 0.4936733543872833
52 57 0.5410662722097684
52 58 0.4092671001039088
52 59 0.5181843042373657
52 60 0.4415388846971903
52 61 0.5121636986732483
52 62 0.5095827037637884
52 63 0.4674308669978174
52 68 0.3886276930528804
52 72 0.4220423496332291
52 76 0.4119684707354471
52 77 0.5179064801106086
52 78 0.5195107460021973
52 82 0.5351202956267765
52 83 0.5009869635105133
53 53 0.2815265496317138
53 54 0.2883729918888121
53 55 0.5126403570175171
53 56 0.4112096130847931
53 57 0.4715116875512259
53 58 0.4812390506267548
53 60 0.438897704705596
53 61 0.5207677483558655
53 62 0.4930167496204376
53 63 0.3395507835453341
53 68 0.4906909108161926
53 70 0.4547727763652801
53 71 0.5619152784347534
53 72 0.4822676431748175
53 74 0.4606559574604034
53 75 0.5384327620267868
53 76 0.4925866901874542
53 80 0.2805957504931618
53 82 0.3145819235895131
53 83 0.4690232195637443
54 54 0.3470481315949805
54 55 0.4842766942430277
54 56 0.3682555528789884
54 57 0.4758606235618177
54 58 0.4261826299182077
54 59 0.5039741737501962
54 60 0.3904073729969452
54 61 0.50199955701828
54 62 0.4851217097130375
54 63 0.3290137279663842
54 64 0.5356390476226807
54 66 0.4960338473320007
54 67 0.4629100412130356
54 68 0.4740381246575943
54 69 0.4965969175100327
54 70 0.5030510425567627
54 71 0.5150361210107803
54 72 0.4823192091037829
54 74 0.4783759315808614
54 75 0.4763691340173994
54 76 0.4938915659670843
54 77 0.4972088258890879
54 78 0.4975531101226807
54 80 0.361906199157238
54 82 0.5196575203112194
54 83 0.5167032480239868
55 55 0.390770127886801
55 56 0.4981579823713553
55 57 0.5176210926388795
55 58 0.4184424843092065
55 59 0.4993128359317779
55 60 0.5007782019674778
55 61 0.4842158854007721
55 62 0.4664293830657033
55 63 0.4775237441062927
55 64 0.5166777500084468
55 65 0.533158172947773
55 66 0.4900103621184826
55 67 0.5218169328192589
55 68 0.5924924810727438
55 69 0.4932974270825247
55 70 0.5095962285995483
55 71 0.5352317350985382
55 72 0.5097639487148861
55 74 0.5060092567742526
55 75 0.5106023972547507
55 76 0.4643084002274288
55 77 0.4913930125645737
55 78 0.4413520181119837
55 80 0.4685937662919362
55 81 0.4951505446434021
55 82 0.503077666319552
55 83 0.5189363307812634
56 56 0.3537081560681454
56 57 0.4969396167679837
56 58 0.4572709301181545
56 59 0.4182086586952209
56 60 0.516234386684303
56 61 0.41434206366539
56 62 0.3731355490679565
56 63 0.4186510434073786
56 65 0.5105604268610477
56 66 0.459905614455541
56 67 0.483780924230814
56 68 0.5176301282463651
56 69 0.5093532539904118
56 71 0.5185814753577516
56 72 0.5023970802625021
56 74 0.4760202163009233
56 75 0.4880571462213993
56 76 0.5033089056611061
56 77 0.4699929005333355
56 78 0.5010071508850612
56 80 0.3632639497518539
56 81 0.4854372782366617
56 82 0.422635519946063
56 83 0.5075513422489166
57 57 0.4047788899348918
57 58 0.5730267806813635
57 59 0.4864127933979034
57 60 0.4967938582726124
57 61 0.5223689153790474
57 62 0.4979426513115565
57 63 0.4288360685524013
57 64 0.5114156438244714
57 65 0.5192241370677948
57 66 0.4583340883255005
57 67 0.5193244119485221
57 68 0.5392496579763839
57 69 0.5384784127984729
57 70 0.4192297770980968
57 71 0.5000125169754028
57 72 0.4291375651281523
57 73 0.5366551364461581
57 74 0.5093975782394409
57 75 0.5193428181550082
57 76 0.5481548707659651
57 77 0.5144178614020347
57 78 0.4938311945824396
57 79 0.5174691677093506
57 80 0.4346766769886017
57 81 0.5077582129410335
57 82 0.5307385052243868
57 83 0.5530303955078125
58 58 0.3544821003991978
58 59 0.528552958258876
58 60 0.3853148732028753
58 61 0.5092946052551269
58 62 0.4611775581862268
58 63 0.49604157656431197
58 65 0.5145918726921082
58 66 0.5204511086146036
58 67 0.5297052562236786
58 68 0.3869685139861954
58 69 0.5103073194622993
58 72 0.5152349572302559
58 74 0.4874447584152222
58 75 0.4979112446308136
58 76 0.4537215559735233
58 77 0.5198339147770659
58 78 0.5201449096202849
58 79 0.5001861552397411
58 80 0.4975552012523015
58 81 0.50850909948349
58 82 0.552675589614985
58 83 0.5456758985916773
59 59 0.2674628826655115
59 60 0.523174640077811
59 61 0.265415427389375
59 62 0.4374791549311744
59 63 0.5107106566429138
59 64 0.4795153737068176
59 65 0.4055827435325174
59 66 0.3317809230254921
59 67 0.3935877792213274
59 68 0.5155834300177438
59 69 0.4755551179250082
59 70 0.4767580926418304
59 71 0.4650589640323932
59 72 0.5020110110441843
59 73 0.294591625093245
59 74 0.3358682539340452
59 75 0.3846770963578854
59 76 0.5138894379138946
59 77 0.4149469309443727
59 78 0.4880466844354357
59 79 0.3187097762082074
59 80 0.4123510356460299
59 81 0.436017245054245
59 82 0.3566990251325954
60 60 0.3437010319522694
60 61 0.5066196918487549
60 62 0.5202568086710844
60 63 0.3493486781915029
60 66 0.5023574680089951
60 68 0.3861146873716471
60 69 0.5495432813962301
60 70 0.47340207298596704
60 72 0.4415990591944543
60 74 0.4880966693162918
60 75 0.5421022176742554
60 76 0.499125596601516
60 77 0.5296153810463453
60 78 0.528229010105133
60 79 0.4767912030220032
60 80 0.486066871881485
60 82 0.5511777406198937
60 83 0.587245660168784
61 61 0.2789364134088653
61 62 0.4094333499670029
61 66 0.3852901419003805
61 67 0.4093260169029236
61 70 0.5083501587311426
61 71 0.4657920598983765
61 72 0.5243954181671142
61 73 0.3168615664267007
61 74 0.4339790970087051
61 75 0.3361899298446185
61 76 0.4896245002746582
61 77 0.4022037863731384
61 78 0.5140612721443176
61 79 0.319270805352264
61 80 0.3789058675368627
61 82 0.3273076129996259
61 83 0.5483008027076721
62 62 0.35311686524052704
62 63 0.4874068573117256
62 64 0.5058862964312235
62 65 0.5116817084855811
62 66 0.4819654822349548
62 67 0.4928690985757477
62 68 0.5151270883423942
62 69 0.5113573835955726
62 71 0.5336427554092577
62 72 0.4974863515959846
62 73 0.4074855546156566
62 74 0.4875248580850581
62 75 0.4836616118748983
62 76 0.4992800316749475
62 77 0.4129479210335034
62 78 0.4891787660631904
62 79 0.4050908163189888
62 80 0.2965480235870928
62 81 0.4855509400367737
62 82 0.4382693485899286
62 83 0.4960735559463501
63 63 0.32393589407359996
63 64 0.633951723575592
63 68 0.4480456474580263
63 69 0.5993417948484421
63 70 0.5103202022257305
63 71 0.5985651178793474
63 72 0.4696935674206155
63 73 0.5252304971218109
63 75 0.519730966091156
63 76 0.5270801621514398
63 77 0.4965975663878701
63 78 0.4912818670272827
63 80 0.3745215568277571
63 81 0.4854472577571869
63 82 0.5051756799221039
63 83 0.4688672721385956
64 64 0.3750429976638406
64 65 0.5042612002446101
64 66 0.5033141374588013
64 67 0.5069284276528792
64 69 0.4170732707956296
64 70 0.47326083010078496
64 71 0.3443935663061957
64 72 0.4497794132399303
64 73 0.5021002292633057
64 74 0.4686884693801403
64 75 0.4204667671552006
64 76 0.4602260026110321
64 77 0.4994370937347412
64 78 0.4979221178339673
64 79 0.4713967740535736
64 81 0.5054233968257904
64 82 0.4816253662109375
64 83 0.5565249052914706
65 65 0.4164591632267036
65 66 0.4341386371367686
65 67 0.4068766056921205
65 69 0.4797775416862308
65 70 0.5031247735023499
65 71 0.4234082704852064
65 72 0.5147570893168449
65 73 0.4276468306779861
65 74 0.4488347531874343
65 75 0.4664082386641922
65 76 0.5224498371283214
65 77 0.5033501997109382
65 78 0.5138553849190747
65 79 0.421513244509697
65 81 0.47366586327552795
65 82 0.3735643579072542
65 83 0.5198981364568075
66 66 0.3280513826694954
66 67 0.39111818165280104
66 68 0.5072941780090332
66 69 0.4739909261465073
66 71 0.4614583238959312
66 72 0.4796337783336639
66 73 0.4234551688035329
66 74 0.3641704873096923
66 75 0.4138606079653198
66 77 0.4568489469014682
66 78 0.4732458740472794
66 79 0.3880030596628785
66 82 0.4106137899503316
66 83 0.4930663108825684
67 67 0.3587654970494716
67 69 0.4828770831227303
67 70 0.4676567912101746
67 71 0.4696951323050134
67 72 0.4921481112639109
67 73 0.4239476162653703
67 74 0.4111097671471077
67 75 0.4439776304144393
67 76 0.5172346255608967
67 77 0.4827284386524787
67 78 0.5002317149014699
67 79 0.3969710469245911
67 81 0.4764413436253865
67 82 0.3904293343482331
67 83 0.4990851325648172
68 68 0.3562210166744931
68 70 0.6506732702255249
68 72 0.4658803426377151
68 75 0.5307016372680664
68 76 0.4813180154949956
68 77 0.5242557014737811
68 80 0.5138097256422043
68 82 0.5426600240170956
68 83 0.5338641405105591
69 69 0.3755692005941698
69 70 0.5260635725089482
69 71 0.4490234666278191
69 72 0.4333734512329102
69 73 0.4638493210077286
69 74 0.4791249210635821
69 75 0.5114872082305036
69 76 0.4223238825276407
69 77 0.4805694918632507
69 78 0.4361609242024046
69 80 0.4748831391334534
69 81 0.4528836168348789
69 82 0.3860063395381179
69 83 0.5542713781197866
70 70 0.3853432888972149
70 71 0.5312406582491739
70 72 0.4458166031094647
70 73 0.5131038085980849
70 75 0.4301386518121496
70 76 0.5134914709675696
70 77 0.490200138092041
70 78 0.5401759445667267
70 81 0.513152077794075
70 82 0.4427075286706288
70 83 0.5088252127170563
71 71 0.3744229910298315
71 72 0.5350193795230653
71 73 0.4385588864485423
71 74 0.4684266453249413
71 75 0.4425754295340025
71 76 0.5145205512438735
71 77 0.495486836981129
71 78 0.4987466452545719
71 81 0.4715299963951111
71 82 0.3864468980374211
71 83 0.552310665271112
72 72 0.3913962149169461
72 73 0.5141742825508118
72 74 0.4991935437375849
72 75 0.5147434716364917
72 76 0.4311647747111108
72 77 0.5060926252076415
72 78 0.4888517881961579
72 81 0.4825113043189049
72 82 0.5150506147022905
72 83 0.5394524931907654
73 73 0.3614087853980883
73 74 0.4141966245942197
73 75 0.3583021449406495
73 77 0.4130781292915344
73 79 0.4276760346011111
73 82 0.328047397889589
73 83 0.5240393280982971
74 74 0.3675296793291444
74 75 0.4206046885478995
74 76 0.5027529029619127
74 77 0.4648023746515575
74 78 0.4945888254377577
74 79 0.3522916561766957
74 80 0.4104596674442291
74 81 0.451715499162674
74 82 0.4190023354455537
74 83 0.496452659368515
75 75 0.3716076681436439
75 76 0.5270634785670192
75 77 0.4785783684478616
75 78 0.4900260847374048
75 79 0.3249037023326352
75 81 0.4580145180225372
75 82 0.4357355068469871
75 83 0.520959872752428
76 76 0.3709157400280531
76 77 0.5048972966863374
76 78 0.4757626726918461
76 79 0.5225169062614441
76 80 0.4928433050711949
76 81 0.4920289662751284
76 82 0.501835243115502
76 83 0.5363165381106925
77 77 0.3446303380028322
77 78 0.4218463472287652
77 79 0.4020328904901232
77 80 0.2547124763711905
77 81 0.3718163599097539
77 82 0.3824834564594718
77 83 0.5008592233061789
78 78 0.3776849949947297
78 80 0.4837160110473633
78 81 0.3872696392295897
78 82 0.3785367191602022
78 83 0.5264379233121872
79 79 0.3235511063802533
79 81 0.4387072622776031
79 82 0.4066091440618038
80 80 0.31773548728168605
80 82 0.3534853791585192
80 83 0.4685674806435903
81 81 0.3180037929108862
81 82 0.3691840587162423
82 82 0.3470753618799633
82 83 0.4551711529493332
83 83 0.313787776580771
