0 0 0.38242760544023796
0 1 0.5087048411369324
0 2 0.5200466176954772
0 3 0.5065581858158111
0 4 0.4601568132638931
0 5 0.4769470065067976
0 6 0.4589391412931665
0 7 0.47431358143968394
0 8 0.5021102726459503
0 9 0.4999245799912347
0 10 0.4923875033855438
0 11 0.5206358444232208
0 12 0.5558364510536193
0 13 0.4265642821181852
0 14 0.5157672762870789
0 15 0.5085110068321228
0 16 0.5212215598510659
0 17 0.4715640425682068
0 18 0.4990490983272421
0 19 0.5238378929055255
0 20 0.5018887905085959
0 21 0.5047090053558351
0 22 0.521293538458207
0 23 0.4977428014907572
0 25 0.4975136718071929
0 26 0.4968805015087128
0 27 0.5004390258867819
0 28 0.4129937084899324
0 29 0.4777496508318934
0 31 0.4709206521511078
0 32 0.4442077338695526
0 33 0.4894687005236179
0 34 0.5615641474723816
0 35 0.4749678896283204
0 36 0.4844720024328966
0 37 0.4988702942024578
0 38 0.4778517915142907
0 39 0.5112528687921064
0 40 0.4929196933905284
0 41 0.5158490538597107
0 42 0.5376264055569967
0 43 0.5405613631010056
0 44 0.559154578617641
0 46 0.5580630501111349
0 50 0.5396398603916168
1 1 0.3974740278532196
1 2 0.4928123626708985
1 3 0.5229547619819641
1 4 0.4903432400453658
1 5 0.4594407188040869
1 6 0.4875253864697048
1 7 0.4751788824796677
1 8 0.5107992945351375
1 9 0.5211351394653321
1 10 0.4380424865521491
1 11 0.5244023089225476
1 12 0.4348619569672478
1 13 0.5035905710288456
1 14 0.5112795951002735
1 15 0.4281728224249076
1 16 0.4761467469738914
1 17 0.4380040679659162
1 18 0.4604644350341109
1 19 0.5506548881530762
1 20 0.4711553829056876
1 21 0.4444806714315999
1 22 0.4631138949454585
1 23 0.5024773587259559
1 24 0.4610990295549492
1 25 0.4798479967076203
1 26 0.4342070064054149
1 27 0.5113431706728525
1 28 0.5130720846354961
1 29 0.5036751925945282
1 30 0.445520584489785
1 31 0.4853034317493439
1 33 0.4448797378588367
1 34 0.4988715234729979
1 35 0.4712164453552954
1 36 0.4575334581741808
1 37 0.4499523592168007
1 38 0.4706247042525898
1 39 0.5091060526290182
1 40 0.4814920723438263
1 41 0.4685054358646826
1 42 0.505100297807443
1 43 0.5186584644019604
1 44 0.5039543295410317
1 45 0.5180890824113573
1 46 0.5692280398474799
1 48 0.4857064381889675
1 50 0.5077194171583551
2 2 0.4356091066530214
2 3 0.5382435083389282
2 4 0.45600811839103705
2 5 0.4460912463949302
2 6 0.4723933107158431
2 7 0.4728352851757017
2 8 0.5130647669235865
2 9 0.4815779081085226
2 10 0.4565541942914327
2 11 0.5270051984368144
2 12 0.5138121247291565
2 13 0.5055249674161956
2 14 0.5175105598237779
2 15 0.4954638688548191
2 16 0.4784631644976132
2 17 0.4511061915329524
2 18 0.4656852820919732
2 19 0.5308638314406077
2 20 0.5156528226470515
2 21 0.5134074522389306
2 22 0.4952386603669954
2 23 0.5006300019025802
2 24 0.372248537838459
2 25 0.4653805463037768
2 26 0.4897732804257387
2 27 0.491189577951976
2 28 0.506548373514975
2 29 0.5068436866116346
2 30 0.3937112987041473
2 31 0.4700202286243439
2 32 0.4843458198010921
2 33 0.4524026005041031
2 34 0.5095339064625488
2 35 0.4586925267295962
2 36 0.4446749582850759
2 37 0.4461244395920437
2 38 0.4972061308303682
2 39 0.5313724758896498
2 40 0.5040691594282786
2 41 0.5233640074729919
2 42 0.5277152470800848
2 43 0.5331617856131347
2 44 0.5206039886329775
2 45 0.5444943160412321
2 46 0.5644316445378696
2 47 0.5371522903442383
2 49 0.5244704612663814
2 50 0.5405639360495774
3 3 0.3596149849289207
3 4 0.4609420660469267
3 5 0.45848471121194506
3 6 0.4953825079549954
3 7 0.4842841168064877
3 8 0.5301277342380262
3 9 0.4126173677292407
3 10 0.5110844825876171
3 11 0.4191989320122383
3 12 0.5260713716348012
3 13 0.5070439974466959
3 14 0.4590773369017102
3 15 0.4828991293907166
3 16 0.5412440044539315
3 17 0.5291246405014625
3 18 0.5295198798179627
3 19 0.3718099064297146
3 20 0.5217514932155609
3 21 0.4567779242992401
3 22 0.5301702499389649
3 23 0.41610020094672395
3 25 0.5111309183495385
3 26 0.4935016632080078
3 27 0.4162399149303188
3 28 0.5138273880352957
3 29 0.5170454069972038
3 31 0.487293928861618
3 32 0.5311294794082642
3 33 0.527976173846448
3 34 0.5278804153203964
3 35 0.5057568676692923
3 36 0.4967947125434876
3 37 0.5404493594132129
3 38 0.5363242331846261
3 39 0.4964450848499934
3 40 0.5342710084385343
3 41 0.5155472010374069
3 42 0.5948415925241497
3 44 0.6011015057563782
3 45 0.5773085206747055
3 46 0.6003207915551435
3 47 0.5890152975916862
3 49 0.6243095993995667
3 50 0.5673088431358337
4 4 0.2877139650214286
4 5 0.377650689627185
4 6 0.4440939356299007
4 7 0.4330441772937775
4 8 0.41051788429419206
4 9 0.4578654927176398
4 10 0.4789433255791664
4 11 0.4396808482133425
4 12 0.47650458514690397
4 13 0.4560702616969745
4 14 0.3592233554433078
4 15 0.5165876150131226
4 17 0.4804713726043701
4 19 0.4564183887682463
4 20 0.5021787732839584
4 21 0.4469605626968237
4 22 0.5316440284252166
4 23 0.4326256189657294
4 24 0.502336272597313
4 25 0.4629164524376392
4 26 0.4966416293924505
4 27 0.4721067262456772
4 28 0.4196281951406728
4 29 0.4220309257507324
4 30 0.5137789249420166
4 31 0.2958813516472683
4 33 0.3088907526871204
4 34 0.4687445740195086
4 35 0.4712503934517885
4 36 0.467695027589798
4 37 0.4727387151547841
4 38 0.4556220769882202
4 39 0.3665297624618422
4 40 0.3050086439140212
4 41 0.5432208180427551
4 42 0.5039712518453598
4 43 0.4837654232978821
4 44 0.523817112048467
4 45 0.4654002507527669
4 46 0.5206801791985829
4 47 0.5445765256881714
5 5 0.3521873270747598
5 6 0.4498703995668711
5 7 0.3923630883050272
5 8 0.4525452362454456
5 9 0.4377866125195914
5 10 0.49778120766083395
5 11 0.4154800744445687
5 12 0.5187191869785537
5 13 0.47729120940056896
5 14 0.3449555660099678
5 15 0.4861791630585988
5 16 0.4621513501191751
5 17 0.4955854556139778
5 18 0.4542367398738861
5 19 0.4639663299896315
5 20 0.4622503030898323
5 21 0.4291027718120151
5 22 0.4662193264543396
5 23 0.4346732664090187
5 24 0.4957822759946187
5 25 0.4257308455708723
5 26 0.4492551568077832
5 27 0.4624993486918639
5 28 0.4852325950128761
5 29 0.4676271978742588
5 30 0.5072609484195709
5 31 0.4311209771751373
5 32 0.4674699849942151
5 33 0.5000495392792296
5 34 0.4967723758891225
5 35 0.47878407262838796
5 36 0.4433386409428062
5 37 0.4996326095782794
5 38 0.4871921277308202
5 39 0.4040673098719543
5 40 0.3945313597414037
5 41 0.5360501110553741
5 42 0.5308361571086081
5 43 0.4905289915891794
5 44 0.5427646934986115
5 45 0.5616486668586731
5 46 0.5377658738030328
5 47 0.541646271944046
5 48 0.5629789233207703
5 50 0.4664073809981346
6 6 0.4152357495016314
6 7 0.4836698977507685
6 8 0.4984457220496802
6 9 0.4457458761121469
6 10 0.5023527169643447
6 11 0.501034684463617
6 12 0.5163633776949598
6 13 0.4902022199526549
6 14 0.5166170317915422
6 15 0.4785905384591648
6 16 0.4988455150438392
6 17 0.4918489158153534
6 18 0.4795170708220134
6 19 0.5177160998185476
6 20 0.4962027169992201
6 21 0.5001150008879209
6 22 0.5016981025095884
6 23 0.4894940242184821
6 24 0.4873506873846054
6 25 0.4387307899074289
6 26 0.4620019548407225
6 27 0.4672310170637508
6 28 0.4836194817926571
6 29 0.453474754423512
6 30 0.5151626467704773
6 31 0.4725591869403918
6 32 0.4855639115852468
6 33 0.49658285391116097
6 34 0.5121624758749297
6 35 0.4696246011236745
6 36 0.4577988211512566
6 37 0.5002947131592015
6 38 0.5099128418740275
6 39 0.4966280175217991
6 40 0.5170350023384752
6 41 0.5354287723700205
6 42 0.5368923201010778
6 43 0.5118506401777267
6 44 0.5549440400108047
6 45 0.5536565780639648
6 46 0.5640977458995685
6 47 0.5703969895839691
6 48 0.5021485090255737
6 49 0.5653244256973267
6 50 0.4973541564411587
7 7 0.3464142167005274
7 8 0.4797129879395167
7 9 0.4513641347049133
7 10 0.4655119461171767
7 11 0.5022822071178924
7 12 0.4559742370188631
7 13 0.3809944842697442
7 14 0.4454586920065757
7 15 0.4677385275180523
7 16 0.4813239549013829
7 17 0.4782434453566869
7 18 0.4686623576915626
7 19 0.5044763984188201
7 20 0.482304164731645
7 21 0.4815880755583445
7 22 0.4907884146264994
7 23 0.4787929492442649
7 25 0.4470480094695913
7 26 0.4619148611420333
7 27 0.4870532731800531
7 28 0.46486700448171103
7 29 0.4817984170968408
7 30 0.4526409953832626
7 31 0.4089883668144254
7 32 0.4753110447996541
7 33 0.4621216710980418
7 34 0.5019891600351076
7 35 0.4718526176619852
7 36 0.4547125042801023
7 37 0.4696853620505258
7 38 0.4754104441718051
7 39 0.4416466260679994
7 40 0.4327539720318534
7 41 0.4732587337493896
7 42 0.5333930742740631
7 43 0.5055089698118322
7 44 0.5442564173262249
7 45 0.5111381574110552
7 46 0.5521997654879535
7 47 0.5675459106763204
7 48 0.5232517283696395
7 49 0.5169163942337036
7 50 0.5117307934496138
8 8 0.3476462563037113
8 9 0.5485636539163843
8 10 0.5025821237460427
8 11 0.5130791891861967
8 12 0.49487215513768396
8 13 0.4958166165844254
8 14 0.3790112200008097
8 15 0.4842975016047315
8 16 0.49830223619937897
8 17 0.5033649057149887
8 18 0.502185745164752
8 19 0.5325929584727945
8 20 0.5056894471247991
8 21 0.3817084565723142
8 22 0.5158528470330768
8 23 0.4059971717156377
8 24 0.5265997957608421
8 25 0.5040680971466193
8 26 0.5072405769651485
8 27 0.5116981294546782
8 28 0.4881949239485973
8 29 0.4616291082312918
8 30 0.4897789725890526
8 31 0.4297544615609305
8 32 0.4647425403197606
8 33 0.5081832500887505
8 34 0.5146694237535651
8 35 0.4649223246124407
8 36 0.4952121515875881
8 37 0.5055940001146167
8 38 0.5133123984259944
8 39 0.4684332403856488
8 40 0.5049616843461989
8 41 0.5043070655602675
8 42 0.5522462315857409
8 43 0.5546572314841407
8 44 0.5670416557636017
8 45 0.5573540857205024
8 46 0.5782128732938033
8 47 0.5425173044204712
8 48 0.5166578769683838
8 49 0.5180291533470154
8 50 0.507256455719471
9 9 0.3891099686866013
9 10 0.5266742368263228
9 11 0.4100203791118709
9 12 0.5441062845825371
9 13 0.4964729562680661
9 14 0.4963713190162996
9 15 0.4932260811328888
9 16 0.516199271003884
9 17 0.5306539592109148
9 18 0.5226748355647974
9 19 0.3991290592853797
9 20 0.5116064971269563
9 21 0.4953349166446262
9 22 0.5137373474112318
9 23 0.4922873852247337
9 24 0.5364161729812622
9 25 0.4814136115213235
9 26 0.4755831818345567
9 27 0.460988012148046
9 28 0.5144531935559097
9 29 0.514444435136558
9 30 0.5205366238951683
9 31 0.491194167634943
9 32 0.5052393674850464
9 33 0.5399733383717132
9 34 0.5272848284052264
9 35 0.5074050781548403
9 36 0.4916185897130232
9 37 0.5457713865876566
9 38 0.530654236205265
9 39 0.5174781477285756
9 40 0.5375444354949059
9 41 0.5304116427898407
9 42 0.5857331680214923
9 43 0.5423403382301331
9 44 0.6019411977515163
9 45 0.5907213866710663
9 46 0.6037987207895831
9 47 0.5929109616713091
9 48 0.5814409951368967
9 50 0.4963341057300568
10 10 0.2921162451372317
10 11 0.5358089886407936
10 12 0.3032333084597038
10 13 0.4563973332967675
10 14 0.5166656031058385
10 15 0.4606471144490772
10 16 0.4342591360131687
10 17 0.3678003634355425
10 18 0.3932430379943452
10 19 0.532745612056359
10 20 0.4724385861088248
10 21 0.4703512849478886
10 22 0.45169029359159796
10 23 0.5024246322481256
10 24 0.3036879945946279
10 25 0.3456070386214392
10 26 0.4191032694925329
10 27 0.5044809441481318
10 28 0.4478409073952228
10 29 0.4807821769605983
10 30 0.3780210396138633
10 31 0.4453284268577893
10 32 0.4696185191472371
10 33 0.3572590828325472
10 34 0.4841020670202043
10 35 0.4561454943672025
10 36 0.3462721945397567
10 37 0.3661667384762817
10 38 0.3285938704179393
10 39 0.4913453671145322
10 40 0.4688573330640793
10 41 0.2909048186737185
10 42 0.5258746135234833
10 43 0.4443987723853853
10 44 0.4471493427242552
10 45 0.4812899132569631
10 46 0.5574857062763638
10 48 0.3923298996506315
10 49 0.5662416219711304
10 50 0.5061924513429403
11 11 0.3586155824558735
11 12 0.5563892017896861
11 13 0.5263869380778518
11 14 0.41646302013789793
11 16 0.5428172194957733
11 17 0.5338991101711027
11 18 0.54095088531462
11 19 0.3759041819025798
11 20 0.5253172065760638
11 21 0.4470166186491648
11 22 0.5331118914736322
11 23 0.38262665208120705
11 24 0.5286259651184082
11 25 0.5224546929623218
11 26 0.5077407162855653
11 27 0.4667378425647242
11 28 0.5312405009177829
11 29 0.5304350530399996
11 31 0.4857073325789377
11 32 0.4910357221961021
11 33 0.5562939183242199
11 34 0.5228563194091503
11 35 0.5271604400173373
11 36 0.5278375855198613
11 37 0.5664022911154762
11 38 0.5405048999675485
11 39 0.4982672308753398
11 40 0.5415776185343198
11 41 0.5506735241413117
11 42 0.5690687799453735
11 43 0.5635043680667877
11 44 0.578309105201201
11 45 0.5753203829129537
11 46 0.5667009355275185
11 47 0.5702504316965739
11 48 0.5677383989095688
11 50 0.5191760659217834
12 12 0.2924655278836388
12 13 0.4507441494134393
12 14 0.5086044669151306
12 15 0.4969250063101451
12 16 0.470084405371121
12 17 0.4086547875013508
12 18 0.4705521970987321
12 19 0.5581572384669863
12 20 0.5096358895301819
12 21 0.4832027116242577
12 22 0.5204896592732632
12 23 0.5066971712071321
12 24 0.3015815362895471
12 25 0.3886227364308524
12 26 0.3270042041820556
12 27 0.5201515359313864
12 28 0.4348265410816602
12 29 0.5102475682894388
12 30 0.3079231957787449
12 31 0.4525343986393894
12 32 0.5215957462787628
12 33 0.4479601922371576
12 34 0.4653267643668435
12 35 0.4030722509196964
12 36 0.3735029260500558
12 37 0.34997356758099196
12 38 0.4552385337670539
12 39 0.5210093865791957
12 40 0.4886857786051855
12 41 0.2896037249917716
12 42 0.5163143912576279
12 43 0.4542855927340017
12 44 0.5121103014264788
12 45 0.562129104634126
12 46 0.5501809285746679
12 47 0.5733335767473493
12 48 0.44533438890429994
12 50 0.4888999448979602
13 13 0.3719668789269742
13 14 0.4833545256406069
13 15 0.4988956408841269
13 16 0.5106999122755204
13 17 0.4665503750790607
13 18 0.4936762795303807
13 19 0.5239153530533988
13 20 0.5026345486830619
13 21 0.5032088113458533
13 22 0.5145147570157939
13 23 0.4951460346307207
13 24 0.4840117394924164
13 25 0.4811204986594548
13 26 0.48924227853372
13 27 0.4998004696214033
13 28 0.4038908634325777
13 29 0.4920984587447718
13 30 0.4449911415576935
13 31 0.3684817917885319
13 32 0.4796416404701415
13 33 0.46375637836014205
13 34 0.492141550550094
13 35 0.4752673652584992
13 36 0.4786531589115444
13 37 0.4726697756908834
13 38 0.47701797743777297
13 39 0.4607004250089328
13 40 0.4437248325738751
13 41 0.4780457258224488
13 42 0.5410219085487452
13 43 0.5017796903848648
13 44 0.5514834385651809
13 45 0.5315765109327104
13 46 0.5649014289786176
13 47 0.5591972693800926
13 48 0.5210953205823898
13 49 0.5432573556900024
13 50 0.4962838334696634
14 14 0.3237832502413818
14 15 0.5738927821318308
14 16 0.5138485357165337
14 17 0.5133521854877472
14 18 0.5138090352217356
14 19 0.4624787762295455
14 20 0.5979008990984697
14 21 0.4479970129355331
14 22 0.6068508399384362
14 23 0.42400506315859793
14 24 0.5175375326516779
14 25 0.4957463051143445
14 26 0.5021290754649177
14 27 0.5189484452843991
14 28 0.4795531224958676
14 29 0.5368714974476739
14 30 0.5326758623123169
14 31 0.4043326851996509
14 32 0.5026509548936572
14 33 0.5125107475689479
14 34 0.4803079183687243
14 35 0.4916943648418823
14 36 0.5644313738201604
14 37 0.5266663147852971
14 38 0.5572706143493238
14 39 0.3981872454691956
14 40 0.5114557147026062
14 41 0.5242571085691452
14 42 0.5466698883101344
14 43 0.5556342452764511
14 44 0.5548472519843809
14 45 0.5593562185764313
14 46 0.5542131576098894
14 48 0.4585770964622498
14 50 0.5201189815998077
15 15 0.3212607280367205
15 16 0.4830433099942152
15 17 0.4529210366308689
15 18 0.4647779771868064
15 19 0.5586189031600952
15 20 0.3844258297182774
15 21 0.4286039992023518
15 22 0.3981270896216919
15 23 0.3970446746685717
15 24 0.49575059028232793
15 25 0.4620862256904895
15 26 0.3979480499070658
15 27 0.3891799464617984
15 28 0.4691952457030614
15 29 0.4751948409080505
15 30 0.5135159492492676
15 32 0.4696001178688473
15 33 0.4761950646350586
15 34 0.5212009026293171
15 35 0.4712309487975683
15 36 0.4632108761291152
15 37 0.480288962556909
15 38 0.5192939549910299
15 39 0.5642575640060487
15 40 0.5270282983779907
15 41 0.4155408442020416
15 42 0.5326126436209349
15 43 0.5456537742440294
15 44 0.5350890073459595
15 45 0.5618235122972202
15 46 0.5732639957876766
15 47 0.5623007416725159
15 49 0.5062914093335471
15 50 0.4913422048091888
16 16 0.4246861276380758
16 17 0.4542825614246554
16 18 0.4421115287897229
16 19 0.5449760397275288
16 20 0.508492442617657
16 21 0.4760305624583672
16 22 0.4699677911071178
16 23 0.5071130726897419
16 24 0.4360732864588499
16 25 0.4538400661686652
16 26 0.4735396331587895
16 27 0.5112790438098884
16 28 0.5147492898132034
16 29 0.5083007255465176
16 30 0.4451839725176494
16 31 0.4806040450930595
16 32 0.5056913988758819
16 33 0.4492613207837871
16 34 0.4998119943069689
16 35 0.466020568447598
16 36 0.440881848801332
16 37 0.4715904856875267
16 38 0.4939996549638651
16 39 0.5248457565135562
16 40 0.4995761116345723
16 42 0.5244906740944559
16 43 0.5283338497293756
16 44 0.5216898982283436
16 45 0.5295880061128865
16 46 0.5626472660473415
16 47 0.5090377330780029
16 49 0.5374483466148376
16 50 0.522754280404611
17 17 0.3622766346667018
17 18 0.3916595187003811
17 19 0.5280479502219421
17 20 0.4797022688601698
17 21 0.4972769888964566
17 22 0.4541240070612376
17 23 0.5038104070557489
17 24 0.4196303008418334
17 25 0.3840780724366215
17 26 0.423502959941243
17 27 0.5070757094551536
17 28 0.4580576064423745
17 29 0.4816456562594363
17 30 0.4097142397583305
17 31 0.4605523072756253
17 32 0.4656580686569214
17 33 0.4262530271963376
17 34 0.4736946867062495
17 35 0.4342163784411347
17 36 0.3771347272403951
17 37 0.4156949661614852
17 38 0.3898087298870087
17 39 0.4925221113427993
17 41 0.3458183015265116
17 42 0.4945629864931106
17 43 0.5337611409192232
17 44 0.5187564354676467
17 45 0.5246725529432297
17 46 0.5656769275665283
17 48 0.4861073394616445
17 50 0.5124378374644688
18 18 0.3661480424430176
18 19 0.5256993075211843
18 20 0.4933641400970719
18 21 0.4853546558057561
18 22 0.4712749260275695
18 23 0.4932307196759629
18 24 0.4447866862728482
18 25 0.4268466483809956
18 26 0.4502890085022502
18 27 0.4952517374990067
18 28 0.4891298221738151
18 29 0.493362943920712
18 30 0.452107616446235
18 31 0.4757180235215596
18 32 0.4839085915258953
18 33 0.4287644990912689
18 34 0.4795005453414604
18 35 0.4506247994636941
18 36 0.4070899291248077
18 37 0.45958830942758
18 38 0.4487462032150912
18 39 0.5045285711928111
18 40 0.4819866716861725
18 41 0.3834614455699921
18 42 0.509541309193561
18 43 0.510264291701948
18 44 0.5056698944257654
18 45 0.4970403139789899
18 46 0.5642055613654
18 48 0.4944214880466461
18 50 0.5245192748308182
19 19 0.349416642438161
19 20 0.5315667715939608
19 21 0.4739354252815247
19 22 0.5351511538028717
19 23 0.4265691957628454
19 24 0.5709035396575928
19 25 0.5292887489000956
19 26 0.5231858268380165
19 27 0.4518001288129234
19 28 0.5244684726488394
19 29 0.5289094058366922
19 31 0.4904633000973732
19 33 0.5485679595731199
19 34 0.5329621285200119
19 35 0.5135760771102276
19 36 0.5242757387459278
19 37 0.5559547348346758
19 38 0.5387317227820555
19 39 0.505858510340515
19 40 0.5384385702402695
19 41 0.5849438905715942
19 42 0.6040475730385099
19 44 0.6088205739563587
19 45 0.6260260343551636
19 46 0.5972681973887756
19 47 0.5627297461032867
19 48 0.6097426414489746
19 50 0.6034077405929565
20 20 0.4001514500195701
20 21 0.4796132905390656
20 22 0.4800444484703067
20 23 0.4899642731874221
20 24 0.510822468996048
20 25 0.4847221501238711
20 26 0.4967226945681258
20 27 0.4535644395522164
20 28 0.4841679819639015
20 29 0.440498960293175
20 31 0.474112185339133
20 32 0.4553689346080873
20 33 0.4429179002139746
20 34 0.5386028589067721
20 35 0.4961268878955981
20 36 0.4636407025012118
20 37 0.4994907244424823
20 38 0.5301564400403134
20 39 0.5827748111014964
20 40 0.5211123923460642
20 41 0.49370476603508
20 42 0.5388107150793076
20 43 0.5463031509092876
20 44 0.5445825773126939
20 45 0.549256544332115
20 46 0.5746977388858795
20 47 0.6085541844367981
20 48 0.5680133104324341
20 50 0.5365996946181569
21 21 0.3669612418903279
21 22 0.5211964360754876
21 23 0.4443614651792704
21 24 0.5186862324643996
21 25 0.5018178448818698
21 26 0.4598356076973748
21 27 0.5025857947909512
21 28 0.4918313196188287
21 29 0.4730705140118903
21 30 0.4964869701862335
21 31 0.4375586211681366
21 32 0.4724275263456198
21 33 0.4882118956344884
21 34 0.513939268887043
21 35 0.4817751563775043
21 36 0.4888571452081593
21 37 0.4890185683108747
21 38 0.5290983021259308
21 39 0.4757236748371484
21 40 0.4495645314455032
21 41 0.5034637133921346
21 42 0.5346656991168857
21 43 0.5457222632697372
21 44 0.5396034395108458
21 45 0.543900433285483
21 46 0.5779254535833994
21 48 0.5355220995843409
21 49 0.5262066125869751
21 50 0.5183860866390929
22 22 0.4176475241474913
22 23 0.5139574659091455
22 24 0.4532995687590705
22 25 0.4721483610857721
22 26 0.4687671021070814
22 27 0.5189143588072259
22 28 0.5082004266831718
22 29 0.4881723597152554
22 30 0.4474608600139618
22 31 0.4893859241689955
22 32 0.4769499172767003
22 33 0.4460004366541457
22 34 0.5294220186048938
22 35 0.4909879843806781
22 36 0.4604060291775287
22 37 0.4854130462274222
22 38 0.5361608126288574
22 39 0.5837829573105728
22 40 0.5316867858171463
22 42 0.5430397531190374
22 43 0.5467441348208841
22 44 0.5419500100843865
22 45 0.5695083806451583
22 46 0.5797994528731255
22 47 0.5276670008897781
22 48 0.58379065990448
22 49 0.5598525553941727
22 50 0.5335951646169027
23 23 0.3588851930856054
23 24 0.5229987221056239
23 25 0.4947163838351893
23 26 0.5038766940677849
23 27 0.4335325203473882
23 28 0.4975704322720985
23 29 0.4851596295929185
23 30 0.5041330989563104
23 31 0.4453099157129015
23 32 0.4865646920506916
23 33 0.5013210756486637
23 34 0.5211043024681649
23 35 0.4844139287296911
23 36 0.4917598514022974
23 37 0.5117689557167706
23 38 0.5215825404718479
23 39 0.4723976950083095
23 40 0.5222677465747384
23 41 0.5112817449702157
23 42 0.5613781855918413
23 43 0.5631069830130964
23 44 0.5792667889071176
23 45 0.5666533163351606
23 46 0.5854658700743882
23 47 0.5684114378510099
23 48 0.5281351556380589
23 49 0.5587262059703018
23 50 0.5331273761662569
24 24 0.3297881513990391
24 25 0.4333657402954031
24 26 0.3788494662694527
24 27 0.5278526332817579
24 28 0.4889788515865803
24 29 0.4867403507232666
24 30 0.3783089397670506
24 31 0.4757179021835327
24 33 0.3319792913903522
24 34 0.5070093373457589
24 35 0.4464931039466071
24 36 0.4102479541065669
24 37 0.3419164897268522
24 38 0.4662651680409908
24 39 0.5220204512278239
24 41 0.3213451549052149
24 42 0.5122846513986588
24 43 0.5152834591477417
24 44 0.4871628913614485
24 45 0.5029842158158621
24 48 0.3774593704938888
24 50 0.5275161652291407
25 25 0.4006771658107781
25 26 0.4398763545995319
25 27 0.4648810486533882
25 28 0.4818301294373986
25 29 0.4856792809651186
25 30 0.3544430964405882
25 31 0.4525849054257075
25 32 0.4841878381760224
25 33 0.4300729780719522
25 34 0.4764861479508791
25 35 0.4357131394535996
25 36 0.3936161914030525
25 37 0.41787807996688997
25 38 0.42299267708086496
25 39 0.4809889527222582
25 40 0.4573627094427745
25 41 0.3607307227305424
25 42 0.5157680930508577
25 43 0.5234460002637795
25 44 0.5179374191511193
25 45 0.5194804844915444
25 46 0.5360785176356634
25 47 0.5540095312254769
25 48 0.490115693770349
25 49 0.5107803903520107
25 50 0.5414306638176312
26 26 0.3905693903885943
26 27 0.5191169667774381
26 28 0.4932504300465131
26 29 0.4890302715138493
26 30 0.3212440517570813
26 31 0.4605067074298859
26 32 0.4733382925391197
26 33 0.4377833051948605
26 34 0.5037321610606925
26 35 0.4727461044604393
26 36 0.4542168210079198
26 37 0.4472503211393474
26 38 0.4901843167230731
26 39 0.5362733148728517
26 40 0.5086501956760109
26 41 0.3441029709970785
26 42 0.5361357699823743
26 43 0.5398913263694973
26 44 0.5289404468852577
26 45 0.5502768756888059
26 46 0.5718593386389454
26 47 0.5454513840377331
26 48 0.4581580040874062
26 49 0.5383864138275385
26 50 0.5353350375170612
27 27 0.409166403705551
27 28 0.4974469734845737
27 29 0.4732359837407403
27 30 0.5230849534273148
27 31 0.4845067701556466
27 32 0.4789190137415976
27 33 0.4877709712865373
27 34 0.5260606062488434
27 35 0.4925511180510606
27 36 0.4851368886893361
27 37 0.505486986410485
27 38 0.5233361343925665
27 39 0.5265501682335888
27 40 0.5257438957691193
27 41 0.5288861890633901
27 42 0.5652328375567738
27 43 0.5604963103165993
27 44 0.5785745357929765
27 45 0.5748192097170878
27 46 0.5899562503860778
27 47 0.5800795733928681
27 48 0.5352000534534455
27 49 0.5648068934679031
27 50 0.5506999717818366
28 28 0.3596977409454585
28 29 0.454461700928692
28 30 0.4514135420322418
